/*--------------------------------*- C++ -*----------------------------------*\
| =========                 |                                                 |
| \\      /  F ield         | OpenFOAM: The Open Source CFD Toolbox           |
|  \\    /   O peration     | Version:  2606                                  |
|   \\  /    A nd           | Website:  www.openfoam.com                      |
|    \\/     M anipulation  |                                                 |
\*---------------------------------------------------------------------------*/
FoamFile
{
    version     2.0;
    format      ascii;
    arch        "LSB;label=32;scalar=64";
    note        "nPoints:4185  nCells:3120  nFaces:10364  nInternalFaces:8356";
    class       labelList;
    location    "constant/holder/polyMesh";
    object      neighbour;
}
// * * * * * * * * * * * * * * * * * * * * * * * * * * * * * * * * * * * * * //


8356
(
1
26
780
2
27
781
3
28
782
4
29
783
5
30
784
6
31
785
7
32
786
8
33
787
9
34
788
10
35
789
11
36
790
12
37
791
13
38
792
14
39
793
15
40
794
16
41
795
17
42
796
18
43
797
19
44
798
20
45
799
21
46
800
22
47
801
23
48
802
24
49
803
25
50
804
51
805
27
52
806
28
53
807
29
54
808
30
55
809
31
56
810
32
57
811
33
58
812
34
59
813
35
60
814
36
61
815
37
62
816
38
63
817
39
64
818
40
65
819
41
66
820
42
67
821
43
68
822
44
69
823
45
70
824
46
71
825
47
72
826
48
73
827
49
74
828
50
75
829
51
76
830
77
831
53
78
832
54
79
833
55
80
834
56
81
835
57
82
836
58
83
837
59
84
838
60
85
839
61
86
840
62
87
841
63
88
842
64
89
843
65
90
844
66
91
845
67
92
846
68
93
847
69
94
848
70
95
849
71
96
850
72
97
851
73
98
852
74
99
853
75
100
854
76
101
855
77
102
856
103
857
79
104
858
80
105
859
81
106
860
82
107
861
83
108
862
84
109
863
85
110
864
86
111
865
87
112
866
88
113
867
89
114
868
90
115
869
91
116
870
92
117
871
93
118
872
94
119
873
95
120
874
96
121
875
97
122
876
98
123
877
99
124
878
100
125
879
101
126
880
102
127
881
103
128
882
129
883
105
130
884
106
131
885
107
132
886
108
133
887
109
134
888
110
135
889
111
136
890
112
137
891
113
138
892
114
139
893
115
140
894
116
141
895
117
142
896
118
143
897
119
144
898
120
145
899
121
146
900
122
147
901
123
148
902
124
149
903
125
150
904
126
151
905
127
152
906
128
153
907
129
154
908
155
909
131
156
910
132
157
911
133
158
912
134
159
913
135
160
914
136
161
915
137
162
916
138
163
917
139
164
918
140
165
919
141
166
920
142
167
921
143
168
922
144
169
923
145
170
924
146
171
925
147
172
926
148
173
927
149
174
928
150
175
929
151
176
930
152
177
931
153
178
932
154
179
933
155
180
934
181
935
157
182
936
158
183
937
159
184
938
160
185
939
161
186
940
162
187
941
163
188
942
164
189
943
165
190
944
166
191
945
167
192
946
168
193
947
169
194
948
170
195
949
171
196
950
172
197
951
173
198
952
174
199
953
175
200
954
176
201
955
177
202
956
178
203
957
179
204
958
180
205
959
181
206
960
207
961
183
208
962
184
209
963
185
210
964
186
211
965
187
212
966
188
213
967
189
214
968
190
215
969
191
216
970
192
217
971
193
218
972
194
219
973
195
220
974
196
221
975
197
222
976
198
223
977
199
224
978
200
225
979
201
226
980
202
227
981
203
228
982
204
229
983
205
230
984
206
231
985
207
232
986
233
987
209
234
988
210
235
989
211
236
990
212
237
991
213
238
992
214
239
993
215
240
994
216
241
995
217
242
996
218
243
997
219
244
998
220
245
999
221
246
1000
222
247
1001
223
248
1002
224
249
1003
225
250
1004
226
251
1005
227
252
1006
228
253
1007
229
254
1008
230
255
1009
231
256
1010
232
257
1011
233
258
1012
259
1013
235
260
1014
236
261
1015
237
262
1016
238
263
1017
239
264
1018
240
265
1019
241
266
1020
242
267
1021
243
268
1022
244
269
1023
245
270
1024
246
271
1025
247
272
1026
248
273
1027
249
274
1028
250
275
1029
251
276
1030
252
277
1031
253
278
1032
254
279
1033
255
280
1034
256
281
1035
257
282
1036
258
283
1037
259
284
1038
285
1039
261
286
1040
262
287
1041
263
288
1042
264
289
1043
265
290
1044
266
291
1045
267
292
1046
268
293
1047
269
294
1048
270
295
1049
271
296
1050
272
297
1051
273
298
1052
274
299
1053
275
300
1054
276
301
1055
277
302
1056
278
303
1057
279
304
1058
280
305
1059
281
306
1060
282
307
1061
283
308
1062
284
309
1063
285
310
1064
311
1065
287
312
1066
288
313
1067
289
314
1068
290
315
1069
291
316
1070
292
317
1071
293
318
1072
294
319
1073
295
320
1074
296
321
1075
297
322
1076
298
323
1077
299
324
1078
300
325
1079
301
326
1080
302
327
1081
303
328
1082
304
329
1083
305
330
1084
306
331
1085
307
332
1086
308
333
1087
309
334
1088
310
335
1089
311
336
1090
337
1091
313
338
1092
314
339
1093
315
340
1094
316
341
1095
317
342
1096
318
343
1097
319
344
1098
320
345
1099
321
346
1100
322
347
1101
323
348
1102
324
349
1103
325
350
1104
326
351
1105
327
352
1106
328
353
1107
329
354
1108
330
355
1109
331
356
1110
332
357
1111
333
358
1112
334
359
1113
335
360
1114
336
361
1115
337
362
1116
363
1117
339
364
1118
340
365
1119
341
366
1120
342
367
1121
343
368
1122
344
369
1123
345
370
1124
346
371
1125
347
372
1126
348
373
1127
349
374
1128
350
375
1129
351
376
1130
352
377
1131
353
378
1132
354
379
1133
355
380
1134
356
381
1135
357
382
1136
358
383
1137
359
384
1138
360
385
1139
361
386
1140
362
387
1141
363
388
1142
389
1143
365
390
1144
366
391
1145
367
392
1146
368
393
1147
369
394
1148
370
395
1149
371
396
1150
372
397
1151
373
398
1152
374
399
1153
375
400
1154
376
401
1155
377
402
1156
378
403
1157
379
404
1158
380
405
1159
381
406
1160
382
407
1161
383
408
1162
384
409
1163
385
410
1164
386
411
1165
387
412
1166
388
413
1167
389
414
1168
415
1169
391
416
1170
392
417
1171
393
418
1172
394
419
1173
395
420
1174
396
421
1175
397
422
1176
398
423
1177
399
424
1178
400
425
1179
401
426
1180
402
427
1181
403
428
1182
404
429
1183
405
430
1184
406
431
1185
407
432
1186
408
433
1187
409
434
1188
410
435
1189
411
436
1190
412
437
1191
413
438
1192
414
439
1193
415
440
1194
441
1195
417
442
1196
418
443
1197
419
444
1198
420
445
1199
421
446
1200
422
447
1201
423
448
1202
424
449
1203
425
450
1204
426
451
1205
427
452
1206
428
453
1207
429
454
1208
430
455
1209
431
456
1210
432
457
1211
433
458
1212
434
459
1213
435
460
1214
436
461
1215
437
462
1216
438
463
1217
439
464
1218
440
465
1219
441
466
1220
467
1221
443
468
1222
444
469
1223
445
470
1224
446
471
1225
447
472
1226
448
473
1227
449
474
1228
450
475
1229
451
476
1230
452
477
1231
453
478
1232
454
479
1233
455
480
1234
456
481
1235
457
482
1236
458
483
1237
459
484
1238
460
485
1239
461
486
1240
462
487
1241
463
488
1242
464
489
1243
465
490
1244
466
491
1245
467
492
1246
493
1247
469
494
1248
470
495
1249
471
496
1250
472
497
1251
473
498
1252
474
499
1253
475
500
1254
476
501
1255
477
502
1256
478
503
1257
479
504
1258
480
505
1259
481
506
1260
482
507
1261
483
508
1262
484
509
1263
485
510
1264
486
511
1265
487
512
1266
488
513
1267
489
514
1268
490
515
1269
491
516
1270
492
517
1271
493
518
1272
519
1273
495
520
1274
496
521
1275
497
522
1276
498
523
1277
499
524
1278
500
525
1279
501
526
1280
502
527
1281
503
528
1282
504
529
1283
505
530
1284
506
531
1285
507
532
1286
508
533
1287
509
534
1288
510
535
1289
511
536
1290
512
537
1291
513
538
1292
514
539
1293
515
540
1294
516
541
1295
517
542
1296
518
543
1297
519
544
1298
545
1299
521
546
1300
522
547
1301
523
548
1302
524
549
1303
525
550
1304
526
551
1305
527
552
1306
528
553
1307
529
554
1308
530
555
1309
531
556
1310
532
557
1311
533
558
1312
534
559
1313
535
560
1314
536
561
1315
537
562
1316
538
563
1317
539
564
1318
540
565
1319
541
566
1320
542
567
1321
543
568
1322
544
569
1323
545
570
1324
571
1325
547
572
1326
548
573
1327
549
574
1328
550
575
1329
551
576
1330
552
577
1331
553
578
1332
554
579
1333
555
580
1334
556
581
1335
557
582
1336
558
583
1337
559
584
1338
560
585
1339
561
586
1340
562
587
1341
563
588
1342
564
589
1343
565
590
1344
566
591
1345
567
592
1346
568
593
1347
569
594
1348
570
595
1349
571
596
1350
597
1351
573
598
1352
574
599
1353
575
600
1354
576
601
1355
577
602
1356
578
603
1357
579
604
1358
580
605
1359
581
606
1360
582
607
1361
583
608
1362
584
609
1363
585
610
1364
586
611
1365
587
612
1366
588
613
1367
589
614
1368
590
615
1369
591
616
1370
592
617
1371
593
618
1372
594
619
1373
595
620
1374
596
621
1375
597
622
1376
623
1377
599
624
1378
600
625
1379
601
626
1380
602
627
1381
603
628
1382
604
629
1383
605
630
1384
606
631
1385
607
632
1386
608
633
1387
609
634
1388
610
635
1389
611
636
1390
612
637
1391
613
638
1392
614
639
1393
615
640
1394
616
641
1395
617
642
1396
618
643
1397
619
644
1398
620
645
1399
621
646
1400
622
647
1401
623
648
1402
649
1403
625
650
1404
626
651
1405
627
652
1406
628
653
1407
629
654
1408
630
655
1409
631
656
1410
632
657
1411
633
658
1412
634
659
1413
635
660
1414
636
661
1415
637
662
1416
638
663
1417
639
664
1418
640
665
1419
641
666
1420
642
667
1421
643
668
1422
644
669
1423
645
670
1424
646
671
1425
647
672
1426
648
673
1427
649
674
1428
675
1429
651
676
1430
652
677
1431
653
678
1432
654
679
1433
655
680
1434
656
681
1435
657
682
1436
658
683
1437
659
684
1438
660
685
1439
661
686
1440
662
687
1441
663
688
1442
664
689
1443
665
690
1444
666
691
1445
667
692
1446
668
693
1447
669
694
1448
670
695
1449
671
696
1450
672
697
1451
673
698
1452
674
699
1453
675
700
1454
701
1455
677
702
1456
678
703
1457
679
704
1458
680
705
1459
681
706
1460
682
707
1461
683
708
1462
684
709
1463
685
710
1464
686
711
1465
687
712
1466
688
713
1467
689
714
1468
690
715
1469
691
716
1470
692
717
1471
693
718
1472
694
719
1473
695
720
1474
696
721
1475
697
722
1476
698
723
1477
699
724
1478
700
725
1479
701
726
1480
727
1481
703
728
1482
704
729
1483
705
730
1484
706
731
1485
707
732
1486
708
733
1487
709
734
1488
710
735
1489
711
736
1490
712
737
1491
713
738
1492
714
739
1493
715
740
1494
716
741
1495
717
742
1496
718
743
1497
719
744
1498
720
745
1499
721
746
1500
722
747
1501
723
748
1502
724
749
1503
725
750
1504
726
751
1505
727
752
1506
753
1507
729
754
1508
730
755
1509
731
756
1510
732
757
1511
733
758
1512
734
759
1513
735
760
1514
736
761
1515
737
762
1516
738
763
1517
739
764
1518
740
765
1519
741
766
1520
742
767
1521
743
768
1522
744
769
1523
745
770
1524
746
771
1525
747
772
1526
748
773
1527
749
774
1528
750
775
1529
751
776
1530
752
777
1531
753
778
1532
779
1533
755
1534
756
1535
757
1536
758
1537
759
1538
760
1539
761
1540
762
1541
763
1542
764
1543
765
1544
766
1545
767
1546
768
1547
769
1548
770
1549
771
1550
772
1551
773
1552
774
1553
775
1554
776
1555
777
1556
778
1557
779
1558
1559
781
806
1560
782
807
1561
783
808
1562
784
809
1563
785
810
1564
786
811
1565
787
812
1566
788
813
1567
789
814
1568
790
815
1569
791
816
1570
792
817
1571
793
818
1572
794
819
1573
795
820
1574
796
821
1575
797
822
1576
798
823
1577
799
824
1578
800
825
1579
801
826
1580
802
827
1581
803
828
1582
804
829
1583
805
830
1584
831
1585
807
832
1586
808
833
1587
809
834
1588
810
835
1589
811
836
1590
812
837
1591
813
838
1592
814
839
1593
815
840
1594
816
841
1595
817
842
1596
818
843
1597
819
844
1598
820
845
1599
821
846
1600
822
847
1601
823
848
1602
824
849
1603
825
850
1604
826
851
1605
827
852
1606
828
853
1607
829
854
1608
830
855
1609
831
856
1610
857
1611
833
858
1612
834
859
1613
835
860
1614
836
861
1615
837
862
1616
838
863
1617
839
864
1618
840
865
1619
841
866
1620
842
867
1621
843
868
1622
844
869
1623
845
870
1624
846
871
1625
847
872
1626
848
873
1627
849
874
1628
850
875
1629
851
876
1630
852
877
1631
853
878
1632
854
879
1633
855
880
1634
856
881
1635
857
882
1636
883
1637
859
884
1638
860
885
1639
861
886
1640
862
887
1641
863
888
1642
864
889
1643
865
890
1644
866
891
1645
867
892
1646
868
893
1647
869
894
1648
870
895
1649
871
896
1650
872
897
1651
873
898
1652
874
899
1653
875
900
1654
876
901
1655
877
902
1656
878
903
1657
879
904
1658
880
905
1659
881
906
1660
882
907
1661
883
908
1662
909
1663
885
910
1664
886
911
1665
887
912
1666
888
913
1667
889
914
1668
890
915
1669
891
916
1670
892
917
1671
893
918
1672
894
919
1673
895
920
1674
896
921
1675
897
922
1676
898
923
1677
899
924
1678
900
925
1679
901
926
1680
902
927
1681
903
928
1682
904
929
1683
905
930
1684
906
931
1685
907
932
1686
908
933
1687
909
934
1688
935
1689
911
936
1690
912
937
1691
913
938
1692
914
939
1693
915
940
1694
916
941
1695
917
942
1696
918
943
1697
919
944
1698
920
945
1699
921
946
1700
922
947
1701
923
948
1702
924
949
1703
925
950
1704
926
951
1705
927
952
1706
928
953
1707
929
954
1708
930
955
1709
931
956
1710
932
957
1711
933
958
1712
934
959
1713
935
960
1714
961
1715
937
962
1716
938
963
1717
939
964
1718
940
965
1719
941
966
1720
942
967
1721
943
968
1722
944
969
1723
945
970
1724
946
971
1725
947
972
1726
948
973
1727
949
974
1728
950
975
1729
951
976
1730
952
977
1731
953
978
1732
954
979
1733
955
980
1734
956
981
1735
957
982
1736
958
983
1737
959
984
1738
960
985
1739
961
986
1740
987
1741
963
988
1742
964
989
1743
965
990
1744
966
991
1745
967
992
1746
968
993
1747
969
994
1748
970
995
1749
971
996
1750
972
997
1751
973
998
1752
974
999
1753
975
1000
1754
976
1001
1755
977
1002
1756
978
1003
1757
979
1004
1758
980
1005
1759
981
1006
1760
982
1007
1761
983
1008
1762
984
1009
1763
985
1010
1764
986
1011
1765
987
1012
1766
1013
1767
989
1014
1768
990
1015
1769
991
1016
1770
992
1017
1771
993
1018
1772
994
1019
1773
995
1020
1774
996
1021
1775
997
1022
1776
998
1023
1777
999
1024
1778
1000
1025
1779
1001
1026
1780
1002
1027
1781
1003
1028
1782
1004
1029
1783
1005
1030
1784
1006
1031
1785
1007
1032
1786
1008
1033
1787
1009
1034
1788
1010
1035
1789
1011
1036
1790
1012
1037
1791
1013
1038
1792
1039
1793
1015
1040
1794
1016
1041
1795
1017
1042
1796
1018
1043
1797
1019
1044
1798
1020
1045
1799
1021
1046
1800
1022
1047
1801
1023
1048
1802
1024
1049
1803
1025
1050
1804
1026
1051
1805
1027
1052
1806
1028
1053
1807
1029
1054
1808
1030
1055
1809
1031
1056
1810
1032
1057
1811
1033
1058
1812
1034
1059
1813
1035
1060
1814
1036
1061
1815
1037
1062
1816
1038
1063
1817
1039
1064
1818
1065
1819
1041
1066
1820
1042
1067
1821
1043
1068
1822
1044
1069
1823
1045
1070
1824
1046
1071
1825
1047
1072
1826
1048
1073
1827
1049
1074
1828
1050
1075
1829
1051
1076
1830
1052
1077
1831
1053
1078
1832
1054
1079
1833
1055
1080
1834
1056
1081
1835
1057
1082
1836
1058
1083
1837
1059
1084
1838
1060
1085
1839
1061
1086
1840
1062
1087
1841
1063
1088
1842
1064
1089
1843
1065
1090
1844
1091
1845
1067
1092
1846
1068
1093
1847
1069
1094
1848
1070
1095
1849
1071
1096
1850
1072
1097
1851
1073
1098
1852
1074
1099
1853
1075
1100
1854
1076
1101
1855
1077
1102
1856
1078
1103
1857
1079
1104
1858
1080
1105
1859
1081
1106
1860
1082
1107
1861
1083
1108
1862
1084
1109
1863
1085
1110
1864
1086
1111
1865
1087
1112
1866
1088
1113
1867
1089
1114
1868
1090
1115
1869
1091
1116
1870
1117
1871
1093
1118
1872
1094
1119
1873
1095
1120
1874
1096
1121
1875
1097
1122
1876
1098
1123
1877
1099
1124
1878
1100
1125
1879
1101
1126
1880
1102
1127
1881
1103
1128
1882
1104
1129
1883
1105
1130
1884
1106
1131
1885
1107
1132
1886
1108
1133
1887
1109
1134
1888
1110
1135
1889
1111
1136
1890
1112
1137
1891
1113
1138
1892
1114
1139
1893
1115
1140
1894
1116
1141
1895
1117
1142
1896
1143
1897
1119
1144
1898
1120
1145
1899
1121
1146
1900
1122
1147
1901
1123
1148
1902
1124
1149
1903
1125
1150
1904
1126
1151
1905
1127
1152
1906
1128
1153
1907
1129
1154
1908
1130
1155
1909
1131
1156
1910
1132
1157
1911
1133
1158
1912
1134
1159
1913
1135
1160
1914
1136
1161
1915
1137
1162
1916
1138
1163
1917
1139
1164
1918
1140
1165
1919
1141
1166
1920
1142
1167
1921
1143
1168
1922
1169
1923
1145
1170
1924
1146
1171
1925
1147
1172
1926
1148
1173
1927
1149
1174
1928
1150
1175
1929
1151
1176
1930
1152
1177
1931
1153
1178
1932
1154
1179
1933
1155
1180
1934
1156
1181
1935
1157
1182
1936
1158
1183
1937
1159
1184
1938
1160
1185
1939
1161
1186
1940
1162
1187
1941
1163
1188
1942
1164
1189
1943
1165
1190
1944
1166
1191
1945
1167
1192
1946
1168
1193
1947
1169
1194
1948
1195
1949
1171
1196
1950
1172
1197
1951
1173
1198
1952
1174
1199
1953
1175
1200
1954
1176
1201
1955
1177
1202
1956
1178
1203
1957
1179
1204
1958
1180
1205
1959
1181
1206
1960
1182
1207
1961
1183
1208
1962
1184
1209
1963
1185
1210
1964
1186
1211
1965
1187
1212
1966
1188
1213
1967
1189
1214
1968
1190
1215
1969
1191
1216
1970
1192
1217
1971
1193
1218
1972
1194
1219
1973
1195
1220
1974
1221
1975
1197
1222
1976
1198
1223
1977
1199
1224
1978
1200
1225
1979
1201
1226
1980
1202
1227
1981
1203
1228
1982
1204
1229
1983
1205
1230
1984
1206
1231
1985
1207
1232
1986
1208
1233
1987
1209
1234
1988
1210
1235
1989
1211
1236
1990
1212
1237
1991
1213
1238
1992
1214
1239
1993
1215
1240
1994
1216
1241
1995
1217
1242
1996
1218
1243
1997
1219
1244
1998
1220
1245
1999
1221
1246
2000
1247
2001
1223
1248
2002
1224
1249
2003
1225
1250
2004
1226
1251
2005
1227
1252
2006
1228
1253
2007
1229
1254
2008
1230
1255
2009
1231
1256
2010
1232
1257
2011
1233
1258
2012
1234
1259
2013
1235
1260
2014
1236
1261
2015
1237
1262
2016
1238
1263
2017
1239
1264
2018
1240
1265
2019
1241
1266
2020
1242
1267
2021
1243
1268
2022
1244
1269
2023
1245
1270
2024
1246
1271
2025
1247
1272
2026
1273
2027
1249
1274
2028
1250
1275
2029
1251
1276
2030
1252
1277
2031
1253
1278
2032
1254
1279
2033
1255
1280
2034
1256
1281
2035
1257
1282
2036
1258
1283
2037
1259
1284
2038
1260
1285
2039
1261
1286
2040
1262
1287
2041
1263
1288
2042
1264
1289
2043
1265
1290
2044
1266
1291
2045
1267
1292
2046
1268
1293
2047
1269
1294
2048
1270
1295
2049
1271
1296
2050
1272
1297
2051
1273
1298
2052
1299
2053
1275
1300
2054
1276
1301
2055
1277
1302
2056
1278
1303
2057
1279
1304
2058
1280
1305
2059
1281
1306
2060
1282
1307
2061
1283
1308
2062
1284
1309
2063
1285
1310
2064
1286
1311
2065
1287
1312
2066
1288
1313
2067
1289
1314
2068
1290
1315
2069
1291
1316
2070
1292
1317
2071
1293
1318
2072
1294
1319
2073
1295
1320
2074
1296
1321
2075
1297
1322
2076
1298
1323
2077
1299
1324
2078
1325
2079
1301
1326
2080
1302
1327
2081
1303
1328
2082
1304
1329
2083
1305
1330
2084
1306
1331
2085
1307
1332
2086
1308
1333
2087
1309
1334
2088
1310
1335
2089
1311
1336
2090
1312
1337
2091
1313
1338
2092
1314
1339
2093
1315
1340
2094
1316
1341
2095
1317
1342
2096
1318
1343
2097
1319
1344
2098
1320
1345
2099
1321
1346
2100
1322
1347
2101
1323
1348
2102
1324
1349
2103
1325
1350
2104
1351
2105
1327
1352
2106
1328
1353
2107
1329
1354
2108
1330
1355
2109
1331
1356
2110
1332
1357
2111
1333
1358
2112
1334
1359
2113
1335
1360
2114
1336
1361
2115
1337
1362
2116
1338
1363
2117
1339
1364
2118
1340
1365
2119
1341
1366
2120
1342
1367
2121
1343
1368
2122
1344
1369
2123
1345
1370
2124
1346
1371
2125
1347
1372
2126
1348
1373
2127
1349
1374
2128
1350
1375
2129
1351
1376
2130
1377
2131
1353
1378
2132
1354
1379
2133
1355
1380
2134
1356
1381
2135
1357
1382
2136
1358
1383
2137
1359
1384
2138
1360
1385
2139
1361
1386
2140
1362
1387
2141
1363
1388
2142
1364
1389
2143
1365
1390
2144
1366
1391
2145
1367
1392
2146
1368
1393
2147
1369
1394
2148
1370
1395
2149
1371
1396
2150
1372
1397
2151
1373
1398
2152
1374
1399
2153
1375
1400
2154
1376
1401
2155
1377
1402
2156
1403
2157
1379
1404
2158
1380
1405
2159
1381
1406
2160
1382
1407
2161
1383
1408
2162
1384
1409
2163
1385
1410
2164
1386
1411
2165
1387
1412
2166
1388
1413
2167
1389
1414
2168
1390
1415
2169
1391
1416
2170
1392
1417
2171
1393
1418
2172
1394
1419
2173
1395
1420
2174
1396
1421
2175
1397
1422
2176
1398
1423
2177
1399
1424
2178
1400
1425
2179
1401
1426
2180
1402
1427
2181
1403
1428
2182
1429
2183
1405
1430
2184
1406
1431
2185
1407
1432
2186
1408
1433
2187
1409
1434
2188
1410
1435
2189
1411
1436
2190
1412
1437
2191
1413
1438
2192
1414
1439
2193
1415
1440
2194
1416
1441
2195
1417
1442
2196
1418
1443
2197
1419
1444
2198
1420
1445
2199
1421
1446
2200
1422
1447
2201
1423
1448
2202
1424
1449
2203
1425
1450
2204
1426
1451
2205
1427
1452
2206
1428
1453
2207
1429
1454
2208
1455
2209
1431
1456
2210
1432
1457
2211
1433
1458
2212
1434
1459
2213
1435
1460
2214
1436
1461
2215
1437
1462
2216
1438
1463
2217
1439
1464
2218
1440
1465
2219
1441
1466
2220
1442
1467
2221
1443
1468
2222
1444
1469
2223
1445
1470
2224
1446
1471
2225
1447
1472
2226
1448
1473
2227
1449
1474
2228
1450
1475
2229
1451
1476
2230
1452
1477
2231
1453
1478
2232
1454
1479
2233
1455
1480
2234
1481
2235
1457
1482
2236
1458
1483
2237
1459
1484
2238
1460
1485
2239
1461
1486
2240
1462
1487
2241
1463
1488
2242
1464
1489
2243
1465
1490
2244
1466
1491
2245
1467
1492
2246
1468
1493
2247
1469
1494
2248
1470
1495
2249
1471
1496
2250
1472
1497
2251
1473
1498
2252
1474
1499
2253
1475
1500
2254
1476
1501
2255
1477
1502
2256
1478
1503
2257
1479
1504
2258
1480
1505
2259
1481
1506
2260
1507
2261
1483
1508
2262
1484
1509
2263
1485
1510
2264
1486
1511
2265
1487
1512
2266
1488
1513
2267
1489
1514
2268
1490
1515
2269
1491
1516
2270
1492
1517
2271
1493
1518
2272
1494
1519
2273
1495
1520
2274
1496
1521
2275
1497
1522
2276
1498
1523
2277
1499
1524
2278
1500
1525
2279
1501
1526
2280
1502
1527
2281
1503
1528
2282
1504
1529
2283
1505
1530
2284
1506
1531
2285
1507
1532
2286
1533
2287
1509
1534
2288
1510
1535
2289
1511
1536
2290
1512
1537
2291
1513
1538
2292
1514
1539
2293
1515
1540
2294
1516
1541
2295
1517
1542
2296
1518
1543
2297
1519
1544
2298
1520
1545
2299
1521
1546
2300
1522
1547
2301
1523
1548
2302
1524
1549
2303
1525
1550
2304
1526
1551
2305
1527
1552
2306
1528
1553
2307
1529
1554
2308
1530
1555
2309
1531
1556
2310
1532
1557
2311
1533
1558
2312
1559
2313
1535
2314
1536
2315
1537
2316
1538
2317
1539
2318
1540
2319
1541
2320
1542
2321
1543
2322
1544
2323
1545
2324
1546
2325
1547
2326
1548
2327
1549
2328
1550
2329
1551
2330
1552
2331
1553
2332
1554
2333
1555
2334
1556
2335
1557
2336
1558
2337
1559
2338
2339
1561
1586
2340
1562
1587
2341
1563
1588
2342
1564
1589
2343
1565
1590
2344
1566
1591
2345
1567
1592
2346
1568
1593
2347
1569
1594
2348
1570
1595
2349
1571
1596
2350
1572
1597
2351
1573
1598
2352
1574
1599
2353
1575
1600
2354
1576
1601
2355
1577
1602
2356
1578
1603
2357
1579
1604
2358
1580
1605
2359
1581
1606
2360
1582
1607
2361
1583
1608
2362
1584
1609
2363
1585
1610
2364
1611
2365
1587
1612
2366
1588
1613
2367
1589
1614
2368
1590
1615
2369
1591
1616
2370
1592
1617
2371
1593
1618
2372
1594
1619
2373
1595
1620
2374
1596
1621
2375
1597
1622
2376
1598
1623
2377
1599
1624
2378
1600
1625
2379
1601
1626
2380
1602
1627
2381
1603
1628
2382
1604
1629
2383
1605
1630
2384
1606
1631
2385
1607
1632
2386
1608
1633
2387
1609
1634
2388
1610
1635
2389
1611
1636
2390
1637
2391
1613
1638
2392
1614
1639
2393
1615
1640
2394
1616
1641
2395
1617
1642
2396
1618
1643
2397
1619
1644
2398
1620
1645
2399
1621
1646
2400
1622
1647
2401
1623
1648
2402
1624
1649
2403
1625
1650
2404
1626
1651
2405
1627
1652
2406
1628
1653
2407
1629
1654
2408
1630
1655
2409
1631
1656
2410
1632
1657
2411
1633
1658
2412
1634
1659
2413
1635
1660
2414
1636
1661
2415
1637
1662
2416
1663
2417
1639
1664
2418
1640
1665
2419
1641
1666
2420
1642
1667
2421
1643
1668
2422
1644
1669
2423
1645
1670
2424
1646
1671
2425
1647
1672
2426
1648
1673
2427
1649
1674
2428
1650
1675
2429
1651
1676
2430
1652
1677
2431
1653
1678
2432
1654
1679
2433
1655
1680
2434
1656
1681
2435
1657
1682
2436
1658
1683
2437
1659
1684
2438
1660
1685
2439
1661
1686
2440
1662
1687
2441
1663
1688
2442
1689
2443
1665
1690
2444
1666
1691
2445
1667
1692
2446
1668
1693
2447
1669
1694
2448
1670
1695
2449
1671
1696
2450
1672
1697
2451
1673
1698
2452
1674
1699
2453
1675
1700
2454
1676
1701
2455
1677
1702
2456
1678
1703
2457
1679
1704
2458
1680
1705
2459
1681
1706
2460
1682
1707
2461
1683
1708
2462
1684
1709
2463
1685
1710
2464
1686
1711
2465
1687
1712
2466
1688
1713
2467
1689
1714
2468
1715
2469
1691
1716
2470
1692
1717
2471
1693
1718
2472
1694
1719
2473
1695
1720
2474
1696
1721
2475
1697
1722
2476
1698
1723
2477
1699
1724
2478
1700
1725
2479
1701
1726
2480
1702
1727
2481
1703
1728
2482
1704
1729
2483
1705
1730
2484
1706
1731
2485
1707
1732
2486
1708
1733
2487
1709
1734
2488
1710
1735
2489
1711
1736
2490
1712
1737
2491
1713
1738
2492
1714
1739
2493
1715
1740
2494
1741
2495
1717
1742
2496
1718
1743
2497
1719
1744
2498
1720
1745
2499
1721
1746
2500
1722
1747
2501
1723
1748
2502
1724
1749
2503
1725
1750
2504
1726
1751
2505
1727
1752
2506
1728
1753
2507
1729
1754
2508
1730
1755
2509
1731
1756
2510
1732
1757
2511
1733
1758
2512
1734
1759
2513
1735
1760
2514
1736
1761
2515
1737
1762
2516
1738
1763
2517
1739
1764
2518
1740
1765
2519
1741
1766
2520
1767
2521
1743
1768
2522
1744
1769
2523
1745
1770
2524
1746
1771
2525
1747
1772
2526
1748
1773
2527
1749
1774
2528
1750
1775
2529
1751
1776
2530
1752
1777
2531
1753
1778
2532
1754
1779
2533
1755
1780
2534
1756
1781
2535
1757
1782
2536
1758
1783
2537
1759
1784
2538
1760
1785
2539
1761
1786
2540
1762
1787
2541
1763
1788
2542
1764
1789
2543
1765
1790
2544
1766
1791
2545
1767
1792
2546
1793
2547
1769
1794
2548
1770
1795
2549
1771
1796
2550
1772
1797
2551
1773
1798
2552
1774
1799
2553
1775
1800
2554
1776
1801
2555
1777
1802
2556
1778
1803
2557
1779
1804
2558
1780
1805
2559
1781
1806
2560
1782
1807
2561
1783
1808
2562
1784
1809
2563
1785
1810
2564
1786
1811
2565
1787
1812
2566
1788
1813
2567
1789
1814
2568
1790
1815
2569
1791
1816
2570
1792
1817
2571
1793
1818
2572
1819
2573
1795
1820
2574
1796
1821
2575
1797
1822
2576
1798
1823
2577
1799
1824
2578
1800
1825
2579
1801
1826
2580
1802
1827
2581
1803
1828
2582
1804
1829
2583
1805
1830
2584
1806
1831
2585
1807
1832
2586
1808
1833
2587
1809
1834
2588
1810
1835
2589
1811
1836
2590
1812
1837
2591
1813
1838
2592
1814
1839
2593
1815
1840
2594
1816
1841
2595
1817
1842
2596
1818
1843
2597
1819
1844
2598
1845
2599
1821
1846
2600
1822
1847
2601
1823
1848
2602
1824
1849
2603
1825
1850
2604
1826
1851
2605
1827
1852
2606
1828
1853
2607
1829
1854
2608
1830
1855
2609
1831
1856
2610
1832
1857
2611
1833
1858
2612
1834
1859
2613
1835
1860
2614
1836
1861
2615
1837
1862
2616
1838
1863
2617
1839
1864
2618
1840
1865
2619
1841
1866
2620
1842
1867
2621
1843
1868
2622
1844
1869
2623
1845
1870
2624
1871
2625
1847
1872
2626
1848
1873
2627
1849
1874
2628
1850
1875
2629
1851
1876
2630
1852
1877
2631
1853
1878
2632
1854
1879
2633
1855
1880
2634
1856
1881
2635
1857
1882
2636
1858
1883
2637
1859
1884
2638
1860
1885
2639
1861
1886
2640
1862
1887
2641
1863
1888
2642
1864
1889
2643
1865
1890
2644
1866
1891
2645
1867
1892
2646
1868
1893
2647
1869
1894
2648
1870
1895
2649
1871
1896
2650
1897
2651
1873
1898
2652
1874
1899
2653
1875
1900
2654
1876
1901
2655
1877
1902
2656
1878
1903
2657
1879
1904
2658
1880
1905
2659
1881
1906
2660
1882
1907
2661
1883
1908
2662
1884
1909
2663
1885
1910
2664
1886
1911
2665
1887
1912
2666
1888
1913
2667
1889
1914
2668
1890
1915
2669
1891
1916
2670
1892
1917
2671
1893
1918
2672
1894
1919
2673
1895
1920
2674
1896
1921
2675
1897
1922
2676
1923
2677
1899
1924
2678
1900
1925
2679
1901
1926
2680
1902
1927
2681
1903
1928
2682
1904
1929
2683
1905
1930
2684
1906
1931
2685
1907
1932
2686
1908
1933
2687
1909
1934
2688
1910
1935
2689
1911
1936
2690
1912
1937
2691
1913
1938
2692
1914
1939
2693
1915
1940
2694
1916
1941
2695
1917
1942
2696
1918
1943
2697
1919
1944
2698
1920
1945
2699
1921
1946
2700
1922
1947
2701
1923
1948
2702
1949
2703
1925
1950
2704
1926
1951
2705
1927
1952
2706
1928
1953
2707
1929
1954
2708
1930
1955
2709
1931
1956
2710
1932
1957
2711
1933
1958
2712
1934
1959
2713
1935
1960
2714
1936
1961
2715
1937
1962
2716
1938
1963
2717
1939
1964
2718
1940
1965
2719
1941
1966
2720
1942
1967
2721
1943
1968
2722
1944
1969
2723
1945
1970
2724
1946
1971
2725
1947
1972
2726
1948
1973
2727
1949
1974
2728
1975
2729
1951
1976
2730
1952
1977
2731
1953
1978
2732
1954
1979
2733
1955
1980
2734
1956
1981
2735
1957
1982
2736
1958
1983
2737
1959
1984
2738
1960
1985
2739
1961
1986
2740
1962
1987
2741
1963
1988
2742
1964
1989
2743
1965
1990
2744
1966
1991
2745
1967
1992
2746
1968
1993
2747
1969
1994
2748
1970
1995
2749
1971
1996
2750
1972
1997
2751
1973
1998
2752
1974
1999
2753
1975
2000
2754
2001
2755
1977
2002
2756
1978
2003
2757
1979
2004
2758
1980
2005
2759
1981
2006
2760
1982
2007
2761
1983
2008
2762
1984
2009
2763
1985
2010
2764
1986
2011
2765
1987
2012
2766
1988
2013
2767
1989
2014
2768
1990
2015
2769
1991
2016
2770
1992
2017
2771
1993
2018
2772
1994
2019
2773
1995
2020
2774
1996
2021
2775
1997
2022
2776
1998
2023
2777
1999
2024
2778
2000
2025
2779
2001
2026
2780
2027
2781
2003
2028
2782
2004
2029
2783
2005
2030
2784
2006
2031
2785
2007
2032
2786
2008
2033
2787
2009
2034
2788
2010
2035
2789
2011
2036
2790
2012
2037
2791
2013
2038
2792
2014
2039
2793
2015
2040
2794
2016
2041
2795
2017
2042
2796
2018
2043
2797
2019
2044
2798
2020
2045
2799
2021
2046
2800
2022
2047
2801
2023
2048
2802
2024
2049
2803
2025
2050
2804
2026
2051
2805
2027
2052
2806
2053
2807
2029
2054
2808
2030
2055
2809
2031
2056
2810
2032
2057
2811
2033
2058
2812
2034
2059
2813
2035
2060
2814
2036
2061
2815
2037
2062
2816
2038
2063
2817
2039
2064
2818
2040
2065
2819
2041
2066
2820
2042
2067
2821
2043
2068
2822
2044
2069
2823
2045
2070
2824
2046
2071
2825
2047
2072
2826
2048
2073
2827
2049
2074
2828
2050
2075
2829
2051
2076
2830
2052
2077
2831
2053
2078
2832
2079
2833
2055
2080
2834
2056
2081
2835
2057
2082
2836
2058
2083
2837
2059
2084
2838
2060
2085
2839
2061
2086
2840
2062
2087
2841
2063
2088
2842
2064
2089
2843
2065
2090
2844
2066
2091
2845
2067
2092
2846
2068
2093
2847
2069
2094
2848
2070
2095
2849
2071
2096
2850
2072
2097
2851
2073
2098
2852
2074
2099
2853
2075
2100
2854
2076
2101
2855
2077
2102
2856
2078
2103
2857
2079
2104
2858
2105
2859
2081
2106
2860
2082
2107
2861
2083
2108
2862
2084
2109
2863
2085
2110
2864
2086
2111
2865
2087
2112
2866
2088
2113
2867
2089
2114
2868
2090
2115
2869
2091
2116
2870
2092
2117
2871
2093
2118
2872
2094
2119
2873
2095
2120
2874
2096
2121
2875
2097
2122
2876
2098
2123
2877
2099
2124
2878
2100
2125
2879
2101
2126
2880
2102
2127
2881
2103
2128
2882
2104
2129
2883
2105
2130
2884
2131
2885
2107
2132
2886
2108
2133
2887
2109
2134
2888
2110
2135
2889
2111
2136
2890
2112
2137
2891
2113
2138
2892
2114
2139
2893
2115
2140
2894
2116
2141
2895
2117
2142
2896
2118
2143
2897
2119
2144
2898
2120
2145
2899
2121
2146
2900
2122
2147
2901
2123
2148
2902
2124
2149
2903
2125
2150
2904
2126
2151
2905
2127
2152
2906
2128
2153
2907
2129
2154
2908
2130
2155
2909
2131
2156
2910
2157
2911
2133
2158
2912
2134
2159
2913
2135
2160
2914
2136
2161
2915
2137
2162
2916
2138
2163
2917
2139
2164
2918
2140
2165
2919
2141
2166
2920
2142
2167
2921
2143
2168
2922
2144
2169
2923
2145
2170
2924
2146
2171
2925
2147
2172
2926
2148
2173
2927
2149
2174
2928
2150
2175
2929
2151
2176
2930
2152
2177
2931
2153
2178
2932
2154
2179
2933
2155
2180
2934
2156
2181
2935
2157
2182
2936
2183
2937
2159
2184
2938
2160
2185
2939
2161
2186
2940
2162
2187
2941
2163
2188
2942
2164
2189
2943
2165
2190
2944
2166
2191
2945
2167
2192
2946
2168
2193
2947
2169
2194
2948
2170
2195
2949
2171
2196
2950
2172
2197
2951
2173
2198
2952
2174
2199
2953
2175
2200
2954
2176
2201
2955
2177
2202
2956
2178
2203
2957
2179
2204
2958
2180
2205
2959
2181
2206
2960
2182
2207
2961
2183
2208
2962
2209
2963
2185
2210
2964
2186
2211
2965
2187
2212
2966
2188
2213
2967
2189
2214
2968
2190
2215
2969
2191
2216
2970
2192
2217
2971
2193
2218
2972
2194
2219
2973
2195
2220
2974
2196
2221
2975
2197
2222
2976
2198
2223
2977
2199
2224
2978
2200
2225
2979
2201
2226
2980
2202
2227
2981
2203
2228
2982
2204
2229
2983
2205
2230
2984
2206
2231
2985
2207
2232
2986
2208
2233
2987
2209
2234
2988
2235
2989
2211
2236
2990
2212
2237
2991
2213
2238
2992
2214
2239
2993
2215
2240
2994
2216
2241
2995
2217
2242
2996
2218
2243
2997
2219
2244
2998
2220
2245
2999
2221
2246
3000
2222
2247
3001
2223
2248
3002
2224
2249
3003
2225
2250
3004
2226
2251
3005
2227
2252
3006
2228
2253
3007
2229
2254
3008
2230
2255
3009
2231
2256
3010
2232
2257
3011
2233
2258
3012
2234
2259
3013
2235
2260
3014
2261
3015
2237
2262
3016
2238
2263
3017
2239
2264
3018
2240
2265
3019
2241
2266
3020
2242
2267
3021
2243
2268
3022
2244
2269
3023
2245
2270
3024
2246
2271
3025
2247
2272
3026
2248
2273
3027
2249
2274
3028
2250
2275
3029
2251
2276
3030
2252
2277
3031
2253
2278
3032
2254
2279
3033
2255
2280
3034
2256
2281
3035
2257
2282
3036
2258
2283
3037
2259
2284
3038
2260
2285
3039
2261
2286
3040
2287
3041
2263
2288
3042
2264
2289
3043
2265
2290
3044
2266
2291
3045
2267
2292
3046
2268
2293
3047
2269
2294
3048
2270
2295
3049
2271
2296
3050
2272
2297
3051
2273
2298
3052
2274
2299
3053
2275
2300
3054
2276
2301
3055
2277
2302
3056
2278
2303
3057
2279
2304
3058
2280
2305
3059
2281
2306
3060
2282
2307
3061
2283
2308
3062
2284
2309
3063
2285
2310
3064
2286
2311
3065
2287
2312
3066
2313
3067
2289
2314
3068
2290
2315
3069
2291
2316
3070
2292
2317
3071
2293
2318
3072
2294
2319
3073
2295
2320
3074
2296
2321
3075
2297
2322
3076
2298
2323
3077
2299
2324
3078
2300
2325
3079
2301
2326
3080
2302
2327
3081
2303
2328
3082
2304
2329
3083
2305
2330
3084
2306
2331
3085
2307
2332
3086
2308
2333
3087
2309
2334
3088
2310
2335
3089
2311
2336
3090
2312
2337
3091
2313
2338
3092
2339
3093
2315
3094
2316
3095
2317
3096
2318
3097
2319
3098
2320
3099
2321
3100
2322
3101
2323
3102
2324
3103
2325
3104
2326
3105
2327
3106
2328
3107
2329
3108
2330
3109
2331
3110
2332
3111
2333
3112
2334
3113
2335
3114
2336
3115
2337
3116
2338
3117
2339
3118
3119
2341
2366
2342
2367
2343
2368
2344
2369
2345
2370
2346
2371
2347
2372
2348
2373
2349
2374
2350
2375
2351
2376
2352
2377
2353
2378
2354
2379
2355
2380
2356
2381
2357
2382
2358
2383
2359
2384
2360
2385
2361
2386
2362
2387
2363
2388
2364
2389
2365
2390
2391
2367
2392
2368
2393
2369
2394
2370
2395
2371
2396
2372
2397
2373
2398
2374
2399
2375
2400
2376
2401
2377
2402
2378
2403
2379
2404
2380
2405
2381
2406
2382
2407
2383
2408
2384
2409
2385
2410
2386
2411
2387
2412
2388
2413
2389
2414
2390
2415
2391
2416
2417
2393
2418
2394
2419
2395
2420
2396
2421
2397
2422
2398
2423
2399
2424
2400
2425
2401
2426
2402
2427
2403
2428
2404
2429
2405
2430
2406
2431
2407
2432
2408
2433
2409
2434
2410
2435
2411
2436
2412
2437
2413
2438
2414
2439
2415
2440
2416
2441
2417
2442
2443
2419
2444
2420
2445
2421
2446
2422
2447
2423
2448
2424
2449
2425
2450
2426
2451
2427
2452
2428
2453
2429
2454
2430
2455
2431
2456
2432
2457
2433
2458
2434
2459
2435
2460
2436
2461
2437
2462
2438
2463
2439
2464
2440
2465
2441
2466
2442
2467
2443
2468
2469
2445
2470
2446
2471
2447
2472
2448
2473
2449
2474
2450
2475
2451
2476
2452
2477
2453
2478
2454
2479
2455
2480
2456
2481
2457
2482
2458
2483
2459
2484
2460
2485
2461
2486
2462
2487
2463
2488
2464
2489
2465
2490
2466
2491
2467
2492
2468
2493
2469
2494
2495
2471
2496
2472
2497
2473
2498
2474
2499
2475
2500
2476
2501
2477
2502
2478
2503
2479
2504
2480
2505
2481
2506
2482
2507
2483
2508
2484
2509
2485
2510
2486
2511
2487
2512
2488
2513
2489
2514
2490
2515
2491
2516
2492
2517
2493
2518
2494
2519
2495
2520
2521
2497
2522
2498
2523
2499
2524
2500
2525
2501
2526
2502
2527
2503
2528
2504
2529
2505
2530
2506
2531
2507
2532
2508
2533
2509
2534
2510
2535
2511
2536
2512
2537
2513
2538
2514
2539
2515
2540
2516
2541
2517
2542
2518
2543
2519
2544
2520
2545
2521
2546
2547
2523
2548
2524
2549
2525
2550
2526
2551
2527
2552
2528
2553
2529
2554
2530
2555
2531
2556
2532
2557
2533
2558
2534
2559
2535
2560
2536
2561
2537
2562
2538
2563
2539
2564
2540
2565
2541
2566
2542
2567
2543
2568
2544
2569
2545
2570
2546
2571
2547
2572
2573
2549
2574
2550
2575
2551
2576
2552
2577
2553
2578
2554
2579
2555
2580
2556
2581
2557
2582
2558
2583
2559
2584
2560
2585
2561
2586
2562
2587
2563
2588
2564
2589
2565
2590
2566
2591
2567
2592
2568
2593
2569
2594
2570
2595
2571
2596
2572
2597
2573
2598
2599
2575
2600
2576
2601
2577
2602
2578
2603
2579
2604
2580
2605
2581
2606
2582
2607
2583
2608
2584
2609
2585
2610
2586
2611
2587
2612
2588
2613
2589
2614
2590
2615
2591
2616
2592
2617
2593
2618
2594
2619
2595
2620
2596
2621
2597
2622
2598
2623
2599
2624
2625
2601
2626
2602
2627
2603
2628
2604
2629
2605
2630
2606
2631
2607
2632
2608
2633
2609
2634
2610
2635
2611
2636
2612
2637
2613
2638
2614
2639
2615
2640
2616
2641
2617
2642
2618
2643
2619
2644
2620
2645
2621
2646
2622
2647
2623
2648
2624
2649
2625
2650
2651
2627
2652
2628
2653
2629
2654
2630
2655
2631
2656
2632
2657
2633
2658
2634
2659
2635
2660
2636
2661
2637
2662
2638
2663
2639
2664
2640
2665
2641
2666
2642
2667
2643
2668
2644
2669
2645
2670
2646
2671
2647
2672
2648
2673
2649
2674
2650
2675
2651
2676
2677
2653
2678
2654
2679
2655
2680
2656
2681
2657
2682
2658
2683
2659
2684
2660
2685
2661
2686
2662
2687
2663
2688
2664
2689
2665
2690
2666
2691
2667
2692
2668
2693
2669
2694
2670
2695
2671
2696
2672
2697
2673
2698
2674
2699
2675
2700
2676
2701
2677
2702
2703
2679
2704
2680
2705
2681
2706
2682
2707
2683
2708
2684
2709
2685
2710
2686
2711
2687
2712
2688
2713
2689
2714
2690
2715
2691
2716
2692
2717
2693
2718
2694
2719
2695
2720
2696
2721
2697
2722
2698
2723
2699
2724
2700
2725
2701
2726
2702
2727
2703
2728
2729
2705
2730
2706
2731
2707
2732
2708
2733
2709
2734
2710
2735
2711
2736
2712
2737
2713
2738
2714
2739
2715
2740
2716
2741
2717
2742
2718
2743
2719
2744
2720
2745
2721
2746
2722
2747
2723
2748
2724
2749
2725
2750
2726
2751
2727
2752
2728
2753
2729
2754
2755
2731
2756
2732
2757
2733
2758
2734
2759
2735
2760
2736
2761
2737
2762
2738
2763
2739
2764
2740
2765
2741
2766
2742
2767
2743
2768
2744
2769
2745
2770
2746
2771
2747
2772
2748
2773
2749
2774
2750
2775
2751
2776
2752
2777
2753
2778
2754
2779
2755
2780
2781
2757
2782
2758
2783
2759
2784
2760
2785
2761
2786
2762
2787
2763
2788
2764
2789
2765
2790
2766
2791
2767
2792
2768
2793
2769
2794
2770
2795
2771
2796
2772
2797
2773
2798
2774
2799
2775
2800
2776
2801
2777
2802
2778
2803
2779
2804
2780
2805
2781
2806
2807
2783
2808
2784
2809
2785
2810
2786
2811
2787
2812
2788
2813
2789
2814
2790
2815
2791
2816
2792
2817
2793
2818
2794
2819
2795
2820
2796
2821
2797
2822
2798
2823
2799
2824
2800
2825
2801
2826
2802
2827
2803
2828
2804
2829
2805
2830
2806
2831
2807
2832
2833
2809
2834
2810
2835
2811
2836
2812
2837
2813
2838
2814
2839
2815
2840
2816
2841
2817
2842
2818
2843
2819
2844
2820
2845
2821
2846
2822
2847
2823
2848
2824
2849
2825
2850
2826
2851
2827
2852
2828
2853
2829
2854
2830
2855
2831
2856
2832
2857
2833
2858
2859
2835
2860
2836
2861
2837
2862
2838
2863
2839
2864
2840
2865
2841
2866
2842
2867
2843
2868
2844
2869
2845
2870
2846
2871
2847
2872
2848
2873
2849
2874
2850
2875
2851
2876
2852
2877
2853
2878
2854
2879
2855
2880
2856
2881
2857
2882
2858
2883
2859
2884
2885
2861
2886
2862
2887
2863
2888
2864
2889
2865
2890
2866
2891
2867
2892
2868
2893
2869
2894
2870
2895
2871
2896
2872
2897
2873
2898
2874
2899
2875
2900
2876
2901
2877
2902
2878
2903
2879
2904
2880
2905
2881
2906
2882
2907
2883
2908
2884
2909
2885
2910
2911
2887
2912
2888
2913
2889
2914
2890
2915
2891
2916
2892
2917
2893
2918
2894
2919
2895
2920
2896
2921
2897
2922
2898
2923
2899
2924
2900
2925
2901
2926
2902
2927
2903
2928
2904
2929
2905
2930
2906
2931
2907
2932
2908
2933
2909
2934
2910
2935
2911
2936
2937
2913
2938
2914
2939
2915
2940
2916
2941
2917
2942
2918
2943
2919
2944
2920
2945
2921
2946
2922
2947
2923
2948
2924
2949
2925
2950
2926
2951
2927
2952
2928
2953
2929
2954
2930
2955
2931
2956
2932
2957
2933
2958
2934
2959
2935
2960
2936
2961
2937
2962
2963
2939
2964
2940
2965
2941
2966
2942
2967
2943
2968
2944
2969
2945
2970
2946
2971
2947
2972
2948
2973
2949
2974
2950
2975
2951
2976
2952
2977
2953
2978
2954
2979
2955
2980
2956
2981
2957
2982
2958
2983
2959
2984
2960
2985
2961
2986
2962
2987
2963
2988
2989
2965
2990
2966
2991
2967
2992
2968
2993
2969
2994
2970
2995
2971
2996
2972
2997
2973
2998
2974
2999
2975
3000
2976
3001
2977
3002
2978
3003
2979
3004
2980
3005
2981
3006
2982
3007
2983
3008
2984
3009
2985
3010
2986
3011
2987
3012
2988
3013
2989
3014
3015
2991
3016
2992
3017
2993
3018
2994
3019
2995
3020
2996
3021
2997
3022
2998
3023
2999
3024
3000
3025
3001
3026
3002
3027
3003
3028
3004
3029
3005
3030
3006
3031
3007
3032
3008
3033
3009
3034
3010
3035
3011
3036
3012
3037
3013
3038
3014
3039
3015
3040
3041
3017
3042
3018
3043
3019
3044
3020
3045
3021
3046
3022
3047
3023
3048
3024
3049
3025
3050
3026
3051
3027
3052
3028
3053
3029
3054
3030
3055
3031
3056
3032
3057
3033
3058
3034
3059
3035
3060
3036
3061
3037
3062
3038
3063
3039
3064
3040
3065
3041
3066
3067
3043
3068
3044
3069
3045
3070
3046
3071
3047
3072
3048
3073
3049
3074
3050
3075
3051
3076
3052
3077
3053
3078
3054
3079
3055
3080
3056
3081
3057
3082
3058
3083
3059
3084
3060
3085
3061
3086
3062
3087
3063
3088
3064
3089
3065
3090
3066
3091
3067
3092
3093
3069
3094
3070
3095
3071
3096
3072
3097
3073
3098
3074
3099
3075
3100
3076
3101
3077
3102
3078
3103
3079
3104
3080
3105
3081
3106
3082
3107
3083
3108
3084
3109
3085
3110
3086
3111
3087
3112
3088
3113
3089
3114
3090
3115
3091
3116
3092
3117
3093
3118
3119
3095
3096
3097
3098
3099
3100
3101
3102
3103
3104
3105
3106
3107
3108
3109
3110
3111
3112
3113
3114
3115
3116
3117
3118
3119
)


// ************************************************************************* //
