/*--------------------------------*- C++ -*----------------------------------*\
| =========                 |                                                 |
| \\      /  F ield         | OpenFOAM: The Open Source CFD Toolbox           |
|  \\    /   O peration     | Version:  2606                                  |
|   \\  /    A nd           | Website:  www.openfoam.com                      |
|    \\/     M anipulation  |                                                 |
\*---------------------------------------------------------------------------*/
FoamFile
{
    version     2.0;
    format      ascii;
    arch        "LSB;label=32;scalar=64";
    class       vectorField;
    location    "constant/holder/polyMesh";
    object      points;
}
// * * * * * * * * * * * * * * * * * * * * * * * * * * * * * * * * * * * * * //


4185
(
(0 -0.03 -0.029)
(0.001 -0.03 -0.029)
(0.002 -0.03 -0.029)
(0.003 -0.03 -0.029)
(0.004 -0.03 -0.029)
(0.005 -0.03 -0.029)
(0.006 -0.03 -0.029)
(0.007 -0.03 -0.029)
(0.008 -0.03 -0.029)
(0.009 -0.03 -0.029)
(0.01 -0.03 -0.029)
(0.011 -0.03 -0.029)
(0.012 -0.03 -0.029)
(0.013 -0.03 -0.029)
(0.014 -0.03 -0.029)
(0.015 -0.03 -0.029)
(0.016 -0.03 -0.029)
(0.017 -0.03 -0.029)
(0.018 -0.03 -0.029)
(0.019 -0.03 -0.029)
(0.02 -0.03 -0.029)
(0.021 -0.03 -0.029)
(0.022 -0.03 -0.029)
(0.023 -0.03 -0.029)
(0.024 -0.03 -0.029)
(0.025 -0.03 -0.029)
(0.026 -0.03 -0.029)
(0 -0.028 -0.029)
(0.001 -0.028 -0.029)
(0.002 -0.028 -0.029)
(0.003 -0.028 -0.029)
(0.004 -0.028 -0.029)
(0.005 -0.028 -0.029)
(0.006 -0.028 -0.029)
(0.007 -0.028 -0.029)
(0.008 -0.028 -0.029)
(0.009 -0.028 -0.029)
(0.01 -0.028 -0.029)
(0.011 -0.028 -0.029)
(0.012 -0.028 -0.029)
(0.013 -0.028 -0.029)
(0.014 -0.028 -0.029)
(0.015 -0.028 -0.029)
(0.016 -0.028 -0.029)
(0.017 -0.028 -0.029)
(0.018 -0.028 -0.029)
(0.019 -0.028 -0.029)
(0.02 -0.028 -0.029)
(0.021 -0.028 -0.029)
(0.022 -0.028 -0.029)
(0.023 -0.028 -0.029)
(0.024 -0.028 -0.029)
(0.025 -0.028 -0.029)
(0.026 -0.028 -0.029)
(0 -0.026 -0.029)
(0.001 -0.026 -0.029)
(0.002 -0.026 -0.029)
(0.003 -0.026 -0.029)
(0.004 -0.026 -0.029)
(0.005 -0.026 -0.029)
(0.006 -0.026 -0.029)
(0.007 -0.026 -0.029)
(0.008 -0.026 -0.029)
(0.009 -0.026 -0.029)
(0.01 -0.026 -0.029)
(0.011 -0.026 -0.029)
(0.012 -0.026 -0.029)
(0.013 -0.026 -0.029)
(0.014 -0.026 -0.029)
(0.015 -0.026 -0.029)
(0.016 -0.026 -0.029)
(0.017 -0.026 -0.029)
(0.018 -0.026 -0.029)
(0.019 -0.026 -0.029)
(0.02 -0.026 -0.029)
(0.021 -0.026 -0.029)
(0.022 -0.026 -0.029)
(0.023 -0.026 -0.029)
(0.024 -0.026 -0.029)
(0.025 -0.026 -0.029)
(0.026 -0.026 -0.029)
(0 -0.024 -0.029)
(0.001 -0.024 -0.029)
(0.002 -0.024 -0.029)
(0.003 -0.024 -0.029)
(0.004 -0.024 -0.029)
(0.005 -0.024 -0.029)
(0.006 -0.024 -0.029)
(0.007 -0.024 -0.029)
(0.008 -0.024 -0.029)
(0.009 -0.024 -0.029)
(0.01 -0.024 -0.029)
(0.011 -0.024 -0.029)
(0.012 -0.024 -0.029)
(0.013 -0.024 -0.029)
(0.014 -0.024 -0.029)
(0.015 -0.024 -0.029)
(0.016 -0.024 -0.029)
(0.017 -0.024 -0.029)
(0.018 -0.024 -0.029)
(0.019 -0.024 -0.029)
(0.02 -0.024 -0.029)
(0.021 -0.024 -0.029)
(0.022 -0.024 -0.029)
(0.023 -0.024 -0.029)
(0.024 -0.024 -0.029)
(0.025 -0.024 -0.029)
(0.026 -0.024 -0.029)
(0 -0.022 -0.029)
(0.001 -0.022 -0.029)
(0.002 -0.022 -0.029)
(0.003 -0.022 -0.029)
(0.004 -0.022 -0.029)
(0.005 -0.022 -0.029)
(0.006 -0.022 -0.029)
(0.007 -0.022 -0.029)
(0.008 -0.022 -0.029)
(0.009 -0.022 -0.029)
(0.01 -0.022 -0.029)
(0.011 -0.022 -0.029)
(0.012 -0.022 -0.029)
(0.013 -0.022 -0.029)
(0.014 -0.022 -0.029)
(0.015 -0.022 -0.029)
(0.016 -0.022 -0.029)
(0.017 -0.022 -0.029)
(0.018 -0.022 -0.029)
(0.019 -0.022 -0.029)
(0.02 -0.022 -0.029)
(0.021 -0.022 -0.029)
(0.022 -0.022 -0.029)
(0.023 -0.022 -0.029)
(0.024 -0.022 -0.029)
(0.025 -0.022 -0.029)
(0.026 -0.022 -0.029)
(0 -0.02 -0.029)
(0.001 -0.02 -0.029)
(0.002 -0.02 -0.029)
(0.003 -0.02 -0.029)
(0.004 -0.02 -0.029)
(0.005 -0.02 -0.029)
(0.006 -0.02 -0.029)
(0.007 -0.02 -0.029)
(0.008 -0.02 -0.029)
(0.009 -0.02 -0.029)
(0.01 -0.02 -0.029)
(0.011 -0.02 -0.029)
(0.012 -0.02 -0.029)
(0.013 -0.02 -0.029)
(0.014 -0.02 -0.029)
(0.015 -0.02 -0.029)
(0.016 -0.02 -0.029)
(0.017 -0.02 -0.029)
(0.018 -0.02 -0.029)
(0.019 -0.02 -0.029)
(0.02 -0.02 -0.029)
(0.021 -0.02 -0.029)
(0.022 -0.02 -0.029)
(0.023 -0.02 -0.029)
(0.024 -0.02 -0.029)
(0.025 -0.02 -0.029)
(0.026 -0.02 -0.029)
(0 -0.018 -0.029)
(0.001 -0.018 -0.029)
(0.002 -0.018 -0.029)
(0.003 -0.018 -0.029)
(0.004 -0.018 -0.029)
(0.005 -0.018 -0.029)
(0.006 -0.018 -0.029)
(0.007 -0.018 -0.029)
(0.008 -0.018 -0.029)
(0.009 -0.018 -0.029)
(0.01 -0.018 -0.029)
(0.011 -0.018 -0.029)
(0.012 -0.018 -0.029)
(0.013 -0.018 -0.029)
(0.014 -0.018 -0.029)
(0.015 -0.018 -0.029)
(0.016 -0.018 -0.029)
(0.017 -0.018 -0.029)
(0.018 -0.018 -0.029)
(0.019 -0.018 -0.029)
(0.02 -0.018 -0.029)
(0.021 -0.018 -0.029)
(0.022 -0.018 -0.029)
(0.023 -0.018 -0.029)
(0.024 -0.018 -0.029)
(0.025 -0.018 -0.029)
(0.026 -0.018 -0.029)
(0 -0.016 -0.029)
(0.001 -0.016 -0.029)
(0.002 -0.016 -0.029)
(0.003 -0.016 -0.029)
(0.004 -0.016 -0.029)
(0.005 -0.016 -0.029)
(0.006 -0.016 -0.029)
(0.007 -0.016 -0.029)
(0.008 -0.016 -0.029)
(0.009 -0.016 -0.029)
(0.01 -0.016 -0.029)
(0.011 -0.016 -0.029)
(0.012 -0.016 -0.029)
(0.013 -0.016 -0.029)
(0.014 -0.016 -0.029)
(0.015 -0.016 -0.029)
(0.016 -0.016 -0.029)
(0.017 -0.016 -0.029)
(0.018 -0.016 -0.029)
(0.019 -0.016 -0.029)
(0.02 -0.016 -0.029)
(0.021 -0.016 -0.029)
(0.022 -0.016 -0.029)
(0.023 -0.016 -0.029)
(0.024 -0.016 -0.029)
(0.025 -0.016 -0.029)
(0.026 -0.016 -0.029)
(0 -0.014 -0.029)
(0.001 -0.014 -0.029)
(0.002 -0.014 -0.029)
(0.003 -0.014 -0.029)
(0.004 -0.014 -0.029)
(0.005 -0.014 -0.029)
(0.006 -0.014 -0.029)
(0.007 -0.014 -0.029)
(0.008 -0.014 -0.029)
(0.009 -0.014 -0.029)
(0.01 -0.014 -0.029)
(0.011 -0.014 -0.029)
(0.012 -0.014 -0.029)
(0.013 -0.014 -0.029)
(0.014 -0.014 -0.029)
(0.015 -0.014 -0.029)
(0.016 -0.014 -0.029)
(0.017 -0.014 -0.029)
(0.018 -0.014 -0.029)
(0.019 -0.014 -0.029)
(0.02 -0.014 -0.029)
(0.021 -0.014 -0.029)
(0.022 -0.014 -0.029)
(0.023 -0.014 -0.029)
(0.024 -0.014 -0.029)
(0.025 -0.014 -0.029)
(0.026 -0.014 -0.029)
(0 -0.012 -0.029)
(0.001 -0.012 -0.029)
(0.002 -0.012 -0.029)
(0.003 -0.012 -0.029)
(0.004 -0.012 -0.029)
(0.005 -0.012 -0.029)
(0.006 -0.012 -0.029)
(0.007 -0.012 -0.029)
(0.008 -0.012 -0.029)
(0.009 -0.012 -0.029)
(0.01 -0.012 -0.029)
(0.011 -0.012 -0.029)
(0.012 -0.012 -0.029)
(0.013 -0.012 -0.029)
(0.014 -0.012 -0.029)
(0.015 -0.012 -0.029)
(0.016 -0.012 -0.029)
(0.017 -0.012 -0.029)
(0.018 -0.012 -0.029)
(0.019 -0.012 -0.029)
(0.02 -0.012 -0.029)
(0.021 -0.012 -0.029)
(0.022 -0.012 -0.029)
(0.023 -0.012 -0.029)
(0.024 -0.012 -0.029)
(0.025 -0.012 -0.029)
(0.026 -0.012 -0.029)
(0 -0.01 -0.029)
(0.001 -0.01 -0.029)
(0.002 -0.01 -0.029)
(0.003 -0.01 -0.029)
(0.004 -0.01 -0.029)
(0.005 -0.01 -0.029)
(0.006 -0.01 -0.029)
(0.007 -0.01 -0.029)
(0.008 -0.01 -0.029)
(0.009 -0.01 -0.029)
(0.01 -0.01 -0.029)
(0.011 -0.01 -0.029)
(0.012 -0.01 -0.029)
(0.013 -0.01 -0.029)
(0.014 -0.01 -0.029)
(0.015 -0.01 -0.029)
(0.016 -0.01 -0.029)
(0.017 -0.01 -0.029)
(0.018 -0.01 -0.029)
(0.019 -0.01 -0.029)
(0.02 -0.01 -0.029)
(0.021 -0.01 -0.029)
(0.022 -0.01 -0.029)
(0.023 -0.01 -0.029)
(0.024 -0.01 -0.029)
(0.025 -0.01 -0.029)
(0.026 -0.01 -0.029)
(0 -0.008 -0.029)
(0.001 -0.008 -0.029)
(0.002 -0.008 -0.029)
(0.003 -0.008 -0.029)
(0.004 -0.008 -0.029)
(0.005 -0.008 -0.029)
(0.006 -0.008 -0.029)
(0.007 -0.008 -0.029)
(0.008 -0.008 -0.029)
(0.009 -0.008 -0.029)
(0.01 -0.008 -0.029)
(0.011 -0.008 -0.029)
(0.012 -0.008 -0.029)
(0.013 -0.008 -0.029)
(0.014 -0.008 -0.029)
(0.015 -0.008 -0.029)
(0.016 -0.008 -0.029)
(0.017 -0.008 -0.029)
(0.018 -0.008 -0.029)
(0.019 -0.008 -0.029)
(0.02 -0.008 -0.029)
(0.021 -0.008 -0.029)
(0.022 -0.008 -0.029)
(0.023 -0.008 -0.029)
(0.024 -0.008 -0.029)
(0.025 -0.008 -0.029)
(0.026 -0.008 -0.029)
(0 -0.006 -0.029)
(0.001 -0.006 -0.029)
(0.002 -0.006 -0.029)
(0.003 -0.006 -0.029)
(0.004 -0.006 -0.029)
(0.005 -0.006 -0.029)
(0.006 -0.006 -0.029)
(0.007 -0.006 -0.029)
(0.008 -0.006 -0.029)
(0.009 -0.006 -0.029)
(0.01 -0.006 -0.029)
(0.011 -0.006 -0.029)
(0.012 -0.006 -0.029)
(0.013 -0.006 -0.029)
(0.014 -0.006 -0.029)
(0.015 -0.006 -0.029)
(0.016 -0.006 -0.029)
(0.017 -0.006 -0.029)
(0.018 -0.006 -0.029)
(0.019 -0.006 -0.029)
(0.02 -0.006 -0.029)
(0.021 -0.006 -0.029)
(0.022 -0.006 -0.029)
(0.023 -0.006 -0.029)
(0.024 -0.006 -0.029)
(0.025 -0.006 -0.029)
(0.026 -0.006 -0.029)
(0 -0.004 -0.029)
(0.001 -0.004 -0.029)
(0.002 -0.004 -0.029)
(0.003 -0.004 -0.029)
(0.004 -0.004 -0.029)
(0.005 -0.004 -0.029)
(0.006 -0.004 -0.029)
(0.007 -0.004 -0.029)
(0.008 -0.004 -0.029)
(0.009 -0.004 -0.029)
(0.01 -0.004 -0.029)
(0.011 -0.004 -0.029)
(0.012 -0.004 -0.029)
(0.013 -0.004 -0.029)
(0.014 -0.004 -0.029)
(0.015 -0.004 -0.029)
(0.016 -0.004 -0.029)
(0.017 -0.004 -0.029)
(0.018 -0.004 -0.029)
(0.019 -0.004 -0.029)
(0.02 -0.004 -0.029)
(0.021 -0.004 -0.029)
(0.022 -0.004 -0.029)
(0.023 -0.004 -0.029)
(0.024 -0.004 -0.029)
(0.025 -0.004 -0.029)
(0.026 -0.004 -0.029)
(0 -0.002 -0.029)
(0.001 -0.002 -0.029)
(0.002 -0.002 -0.029)
(0.003 -0.002 -0.029)
(0.004 -0.002 -0.029)
(0.005 -0.002 -0.029)
(0.006 -0.002 -0.029)
(0.007 -0.002 -0.029)
(0.008 -0.002 -0.029)
(0.009 -0.002 -0.029)
(0.01 -0.002 -0.029)
(0.011 -0.002 -0.029)
(0.012 -0.002 -0.029)
(0.013 -0.002 -0.029)
(0.014 -0.002 -0.029)
(0.015 -0.002 -0.029)
(0.016 -0.002 -0.029)
(0.017 -0.002 -0.029)
(0.018 -0.002 -0.029)
(0.019 -0.002 -0.029)
(0.02 -0.002 -0.029)
(0.021 -0.002 -0.029)
(0.022 -0.002 -0.029)
(0.023 -0.002 -0.029)
(0.024 -0.002 -0.029)
(0.025 -0.002 -0.029)
(0.026 -0.002 -0.029)
(0 0 -0.029)
(0.001 0 -0.029)
(0.002 5.7824116e-19 -0.029)
(0.003 0 -0.029)
(0.004 0 -0.029)
(0.005 0 -0.029)
(0.006 0 -0.029)
(0.007 0 -0.029)
(0.008 0 -0.029)
(0.009 0 -0.029)
(0.01 0 -0.029)
(0.011 0 -0.029)
(0.012 0 -0.029)
(0.013 -5.7824116e-19 -0.029)
(0.014 0 -0.029)
(0.015 0 -0.029)
(0.016 2.8912058e-19 -0.029)
(0.017 -2.8912058e-19 -0.029)
(0.018 0 -0.029)
(0.019 2.8912058e-19 -0.029)
(0.02 -2.8912058e-19 -0.029)
(0.021 0 -0.029)
(0.022 2.8912058e-19 -0.029)
(0.023 -1.4456029e-19 -0.029)
(0.024 0 -0.029)
(0.025 1.4456029e-19 -0.029)
(0.026 -1.4456029e-19 -0.029)
(0 0.002 -0.029)
(0.001 0.002 -0.029)
(0.002 0.002 -0.029)
(0.003 0.002 -0.029)
(0.004 0.002 -0.029)
(0.005 0.002 -0.029)
(0.006 0.002 -0.029)
(0.007 0.002 -0.029)
(0.008 0.002 -0.029)
(0.009 0.002 -0.029)
(0.01 0.002 -0.029)
(0.011 0.002 -0.029)
(0.012 0.002 -0.029)
(0.013 0.002 -0.029)
(0.014 0.002 -0.029)
(0.015 0.002 -0.029)
(0.016 0.002 -0.029)
(0.017 0.002 -0.029)
(0.018 0.002 -0.029)
(0.019 0.002 -0.029)
(0.02 0.002 -0.029)
(0.021 0.002 -0.029)
(0.022 0.002 -0.029)
(0.023 0.002 -0.029)
(0.024 0.002 -0.029)
(0.025 0.002 -0.029)
(0.026 0.002 -0.029)
(0 0.004 -0.029)
(0.001 0.004 -0.029)
(0.002 0.004 -0.029)
(0.003 0.004 -0.029)
(0.004 0.004 -0.029)
(0.005 0.004 -0.029)
(0.006 0.004 -0.029)
(0.007 0.004 -0.029)
(0.008 0.004 -0.029)
(0.009 0.004 -0.029)
(0.01 0.004 -0.029)
(0.011 0.004 -0.029)
(0.012 0.004 -0.029)
(0.013 0.004 -0.029)
(0.014 0.004 -0.029)
(0.015 0.004 -0.029)
(0.016 0.004 -0.029)
(0.017 0.004 -0.029)
(0.018 0.004 -0.029)
(0.019 0.004 -0.029)
(0.02 0.004 -0.029)
(0.021 0.004 -0.029)
(0.022 0.004 -0.029)
(0.023 0.004 -0.029)
(0.024 0.004 -0.029)
(0.025 0.004 -0.029)
(0.026 0.004 -0.029)
(0 0.006 -0.029)
(0.001 0.006 -0.029)
(0.002 0.006 -0.029)
(0.003 0.006 -0.029)
(0.004 0.006 -0.029)
(0.005 0.006 -0.029)
(0.006 0.006 -0.029)
(0.007 0.006 -0.029)
(0.008 0.006 -0.029)
(0.009 0.006 -0.029)
(0.01 0.006 -0.029)
(0.011 0.006 -0.029)
(0.012 0.006 -0.029)
(0.013 0.006 -0.029)
(0.014 0.006 -0.029)
(0.015 0.006 -0.029)
(0.016 0.006 -0.029)
(0.017 0.006 -0.029)
(0.018 0.006 -0.029)
(0.019 0.006 -0.029)
(0.02 0.006 -0.029)
(0.021 0.006 -0.029)
(0.022 0.006 -0.029)
(0.023 0.006 -0.029)
(0.024 0.006 -0.029)
(0.025 0.006 -0.029)
(0.026 0.006 -0.029)
(0 0.008 -0.029)
(0.001 0.008 -0.029)
(0.002 0.008 -0.029)
(0.003 0.008 -0.029)
(0.004 0.008 -0.029)
(0.005 0.008 -0.029)
(0.006 0.008 -0.029)
(0.007 0.008 -0.029)
(0.008 0.008 -0.029)
(0.009 0.008 -0.029)
(0.01 0.008 -0.029)
(0.011 0.008 -0.029)
(0.012 0.008 -0.029)
(0.013 0.008 -0.029)
(0.014 0.008 -0.029)
(0.015 0.008 -0.029)
(0.016 0.008 -0.029)
(0.017 0.008 -0.029)
(0.018 0.008 -0.029)
(0.019 0.008 -0.029)
(0.02 0.008 -0.029)
(0.021 0.008 -0.029)
(0.022 0.008 -0.029)
(0.023 0.008 -0.029)
(0.024 0.008 -0.029)
(0.025 0.008 -0.029)
(0.026 0.008 -0.029)
(0 0.01 -0.029)
(0.001 0.01 -0.029)
(0.002 0.01 -0.029)
(0.003 0.01 -0.029)
(0.004 0.01 -0.029)
(0.005 0.01 -0.029)
(0.006 0.01 -0.029)
(0.007 0.01 -0.029)
(0.008 0.01 -0.029)
(0.009 0.01 -0.029)
(0.01 0.01 -0.029)
(0.011 0.01 -0.029)
(0.012 0.01 -0.029)
(0.013 0.01 -0.029)
(0.014 0.01 -0.029)
(0.015 0.01 -0.029)
(0.016 0.01 -0.029)
(0.017 0.01 -0.029)
(0.018 0.01 -0.029)
(0.019 0.01 -0.029)
(0.02 0.01 -0.029)
(0.021 0.01 -0.029)
(0.022 0.01 -0.029)
(0.023 0.01 -0.029)
(0.024 0.01 -0.029)
(0.025 0.01 -0.029)
(0.026 0.01 -0.029)
(0 0.012 -0.029)
(0.001 0.012 -0.029)
(0.002 0.012 -0.029)
(0.003 0.012 -0.029)
(0.004 0.012 -0.029)
(0.005 0.012 -0.029)
(0.006 0.012 -0.029)
(0.007 0.012 -0.029)
(0.008 0.012 -0.029)
(0.009 0.012 -0.029)
(0.01 0.012 -0.029)
(0.011 0.012 -0.029)
(0.012 0.012 -0.029)
(0.013 0.012 -0.029)
(0.014 0.012 -0.029)
(0.015 0.012 -0.029)
(0.016 0.012 -0.029)
(0.017 0.012 -0.029)
(0.018 0.012 -0.029)
(0.019 0.012 -0.029)
(0.02 0.012 -0.029)
(0.021 0.012 -0.029)
(0.022 0.012 -0.029)
(0.023 0.012 -0.029)
(0.024 0.012 -0.029)
(0.025 0.012 -0.029)
(0.026 0.012 -0.029)
(0 0.014 -0.029)
(0.001 0.014 -0.029)
(0.002 0.014 -0.029)
(0.003 0.014 -0.029)
(0.004 0.014 -0.029)
(0.005 0.014 -0.029)
(0.006 0.014 -0.029)
(0.007 0.014 -0.029)
(0.008 0.014 -0.029)
(0.009 0.014 -0.029)
(0.01 0.014 -0.029)
(0.011 0.014 -0.029)
(0.012 0.014 -0.029)
(0.013 0.014 -0.029)
(0.014 0.014 -0.029)
(0.015 0.014 -0.029)
(0.016 0.014 -0.029)
(0.017 0.014 -0.029)
(0.018 0.014 -0.029)
(0.019 0.014 -0.029)
(0.02 0.014 -0.029)
(0.021 0.014 -0.029)
(0.022 0.014 -0.029)
(0.023 0.014 -0.029)
(0.024 0.014 -0.029)
(0.025 0.014 -0.029)
(0.026 0.014 -0.029)
(0 0.016 -0.029)
(0.001 0.016 -0.029)
(0.002 0.016 -0.029)
(0.003 0.016 -0.029)
(0.004 0.016 -0.029)
(0.005 0.016 -0.029)
(0.006 0.016 -0.029)
(0.007 0.016 -0.029)
(0.008 0.016 -0.029)
(0.009 0.016 -0.029)
(0.01 0.016 -0.029)
(0.011 0.016 -0.029)
(0.012 0.016 -0.029)
(0.013 0.016 -0.029)
(0.014 0.016 -0.029)
(0.015 0.016 -0.029)
(0.016 0.016 -0.029)
(0.017 0.016 -0.029)
(0.018 0.016 -0.029)
(0.019 0.016 -0.029)
(0.02 0.016 -0.029)
(0.021 0.016 -0.029)
(0.022 0.016 -0.029)
(0.023 0.016 -0.029)
(0.024 0.016 -0.029)
(0.025 0.016 -0.029)
(0.026 0.016 -0.029)
(0 0.018 -0.029)
(0.001 0.018 -0.029)
(0.002 0.018 -0.029)
(0.003 0.018 -0.029)
(0.004 0.018 -0.029)
(0.005 0.018 -0.029)
(0.006 0.018 -0.029)
(0.007 0.018 -0.029)
(0.008 0.018 -0.029)
(0.009 0.018 -0.029)
(0.01 0.018 -0.029)
(0.011 0.018 -0.029)
(0.012 0.018 -0.029)
(0.013 0.018 -0.029)
(0.014 0.018 -0.029)
(0.015 0.018 -0.029)
(0.016 0.018 -0.029)
(0.017 0.018 -0.029)
(0.018 0.018 -0.029)
(0.019 0.018 -0.029)
(0.02 0.018 -0.029)
(0.021 0.018 -0.029)
(0.022 0.018 -0.029)
(0.023 0.018 -0.029)
(0.024 0.018 -0.029)
(0.025 0.018 -0.029)
(0.026 0.018 -0.029)
(0 0.02 -0.029)
(0.001 0.02 -0.029)
(0.002 0.02 -0.029)
(0.003 0.02 -0.029)
(0.004 0.02 -0.029)
(0.005 0.02 -0.029)
(0.006 0.02 -0.029)
(0.007 0.02 -0.029)
(0.008 0.02 -0.029)
(0.009 0.02 -0.029)
(0.01 0.02 -0.029)
(0.011 0.02 -0.029)
(0.012 0.02 -0.029)
(0.013 0.02 -0.029)
(0.014 0.02 -0.029)
(0.015 0.02 -0.029)
(0.016 0.02 -0.029)
(0.017 0.02 -0.029)
(0.018 0.02 -0.029)
(0.019 0.02 -0.029)
(0.02 0.02 -0.029)
(0.021 0.02 -0.029)
(0.022 0.02 -0.029)
(0.023 0.02 -0.029)
(0.024 0.02 -0.029)
(0.025 0.02 -0.029)
(0.026 0.02 -0.029)
(0 0.022 -0.029)
(0.001 0.022 -0.029)
(0.002 0.022 -0.029)
(0.003 0.022 -0.029)
(0.004 0.022 -0.029)
(0.005 0.022 -0.029)
(0.006 0.022 -0.029)
(0.007 0.022 -0.029)
(0.008 0.022 -0.029)
(0.009 0.022 -0.029)
(0.01 0.022 -0.029)
(0.011 0.022 -0.029)
(0.012 0.022 -0.029)
(0.013 0.022 -0.029)
(0.014 0.022 -0.029)
(0.015 0.022 -0.029)
(0.016 0.022 -0.029)
(0.017 0.022 -0.029)
(0.018 0.022 -0.029)
(0.019 0.022 -0.029)
(0.02 0.022 -0.029)
(0.021 0.022 -0.029)
(0.022 0.022 -0.029)
(0.023 0.022 -0.029)
(0.024 0.022 -0.029)
(0.025 0.022 -0.029)
(0.026 0.022 -0.029)
(0 0.024 -0.029)
(0.001 0.024 -0.029)
(0.002 0.024 -0.029)
(0.003 0.024 -0.029)
(0.004 0.024 -0.029)
(0.005 0.024 -0.029)
(0.006 0.024 -0.029)
(0.007 0.024 -0.029)
(0.008 0.024 -0.029)
(0.009 0.024 -0.029)
(0.01 0.024 -0.029)
(0.011 0.024 -0.029)
(0.012 0.024 -0.029)
(0.013 0.024 -0.029)
(0.014 0.024 -0.029)
(0.015 0.024 -0.029)
(0.016 0.024 -0.029)
(0.017 0.024 -0.029)
(0.018 0.024 -0.029)
(0.019 0.024 -0.029)
(0.02 0.024 -0.029)
(0.021 0.024 -0.029)
(0.022 0.024 -0.029)
(0.023 0.024 -0.029)
(0.024 0.024 -0.029)
(0.025 0.024 -0.029)
(0.026 0.024 -0.029)
(0 0.026 -0.029)
(0.001 0.026 -0.029)
(0.002 0.026 -0.029)
(0.003 0.026 -0.029)
(0.004 0.026 -0.029)
(0.005 0.026 -0.029)
(0.006 0.026 -0.029)
(0.007 0.026 -0.029)
(0.008 0.026 -0.029)
(0.009 0.026 -0.029)
(0.01 0.026 -0.029)
(0.011 0.026 -0.029)
(0.012 0.026 -0.029)
(0.013 0.026 -0.029)
(0.014 0.026 -0.029)
(0.015 0.026 -0.029)
(0.016 0.026 -0.029)
(0.017 0.026 -0.029)
(0.018 0.026 -0.029)
(0.019 0.026 -0.029)
(0.02 0.026 -0.029)
(0.021 0.026 -0.029)
(0.022 0.026 -0.029)
(0.023 0.026 -0.029)
(0.024 0.026 -0.029)
(0.025 0.026 -0.029)
(0.026 0.026 -0.029)
(0 0.028 -0.029)
(0.001 0.028 -0.029)
(0.002 0.028 -0.029)
(0.003 0.028 -0.029)
(0.004 0.028 -0.029)
(0.005 0.028 -0.029)
(0.006 0.028 -0.029)
(0.007 0.028 -0.029)
(0.008 0.028 -0.029)
(0.009 0.028 -0.029)
(0.01 0.028 -0.029)
(0.011 0.028 -0.029)
(0.012 0.028 -0.029)
(0.013 0.028 -0.029)
(0.014 0.028 -0.029)
(0.015 0.028 -0.029)
(0.016 0.028 -0.029)
(0.017 0.028 -0.029)
(0.018 0.028 -0.029)
(0.019 0.028 -0.029)
(0.02 0.028 -0.029)
(0.021 0.028 -0.029)
(0.022 0.028 -0.029)
(0.023 0.028 -0.029)
(0.024 0.028 -0.029)
(0.025 0.028 -0.029)
(0.026 0.028 -0.029)
(0 0.03 -0.029)
(0.001 0.03 -0.029)
(0.002 0.03 -0.029)
(0.003 0.03 -0.029)
(0.004 0.03 -0.029)
(0.005 0.03 -0.029)
(0.006 0.03 -0.029)
(0.007 0.03 -0.029)
(0.008 0.03 -0.029)
(0.009 0.03 -0.029)
(0.01 0.03 -0.029)
(0.011 0.03 -0.029)
(0.012 0.03 -0.029)
(0.013 0.03 -0.029)
(0.014 0.03 -0.029)
(0.015 0.03 -0.029)
(0.016 0.03 -0.029)
(0.017 0.03 -0.029)
(0.018 0.03 -0.029)
(0.019 0.03 -0.029)
(0.02 0.03 -0.029)
(0.021 0.03 -0.029)
(0.022 0.03 -0.029)
(0.023 0.03 -0.029)
(0.024 0.03 -0.029)
(0.025 0.03 -0.029)
(0.026 0.03 -0.029)
(0 -0.03 -0.028)
(0.001 -0.03 -0.028)
(0.002 -0.03 -0.028)
(0.003 -0.03 -0.028)
(0.004 -0.03 -0.028)
(0.005 -0.03 -0.028)
(0.006 -0.03 -0.028)
(0.007 -0.03 -0.028)
(0.008 -0.03 -0.028)
(0.009 -0.03 -0.028)
(0.01 -0.03 -0.028)
(0.011 -0.03 -0.028)
(0.012 -0.03 -0.028)
(0.013 -0.03 -0.028)
(0.014 -0.03 -0.028)
(0.015 -0.03 -0.028)
(0.016 -0.03 -0.028)
(0.017 -0.03 -0.028)
(0.018 -0.03 -0.028)
(0.019 -0.03 -0.028)
(0.02 -0.03 -0.028)
(0.021 -0.03 -0.028)
(0.022 -0.03 -0.028)
(0.023 -0.03 -0.028)
(0.024 -0.03 -0.028)
(0.025 -0.03 -0.028)
(0.026 -0.03 -0.028)
(0 -0.028 -0.028)
(0.001 -0.028 -0.028)
(0.002 -0.028 -0.028)
(0.003 -0.028 -0.028)
(0.004 -0.028 -0.028)
(0.005 -0.028 -0.028)
(0.006 -0.028 -0.028)
(0.007 -0.028 -0.028)
(0.008 -0.028 -0.028)
(0.009 -0.028 -0.028)
(0.01 -0.028 -0.028)
(0.011 -0.028 -0.028)
(0.012 -0.028 -0.028)
(0.013 -0.028 -0.028)
(0.014 -0.028 -0.028)
(0.015 -0.028 -0.028)
(0.016 -0.028 -0.028)
(0.017 -0.028 -0.028)
(0.018 -0.028 -0.028)
(0.019 -0.028 -0.028)
(0.02 -0.028 -0.028)
(0.021 -0.028 -0.028)
(0.022 -0.028 -0.028)
(0.023 -0.028 -0.028)
(0.024 -0.028 -0.028)
(0.025 -0.028 -0.028)
(0.026 -0.028 -0.028)
(0 -0.026 -0.028)
(0.001 -0.026 -0.028)
(0.002 -0.026 -0.028)
(0.003 -0.026 -0.028)
(0.004 -0.026 -0.028)
(0.005 -0.026 -0.028)
(0.006 -0.026 -0.028)
(0.007 -0.026 -0.028)
(0.008 -0.026 -0.028)
(0.009 -0.026 -0.028)
(0.01 -0.026 -0.028)
(0.011 -0.026 -0.028)
(0.012 -0.026 -0.028)
(0.013 -0.026 -0.028)
(0.014 -0.026 -0.028)
(0.015 -0.026 -0.028)
(0.016 -0.026 -0.028)
(0.017 -0.026 -0.028)
(0.018 -0.026 -0.028)
(0.019 -0.026 -0.028)
(0.02 -0.026 -0.028)
(0.021 -0.026 -0.028)
(0.022 -0.026 -0.028)
(0.023 -0.026 -0.028)
(0.024 -0.026 -0.028)
(0.025 -0.026 -0.028)
(0.026 -0.026 -0.028)
(0 -0.024 -0.028)
(0.001 -0.024 -0.028)
(0.002 -0.024 -0.028)
(0.003 -0.024 -0.028)
(0.004 -0.024 -0.028)
(0.005 -0.024 -0.028)
(0.006 -0.024 -0.028)
(0.007 -0.024 -0.028)
(0.008 -0.024 -0.028)
(0.009 -0.024 -0.028)
(0.01 -0.024 -0.028)
(0.011 -0.024 -0.028)
(0.012 -0.024 -0.028)
(0.013 -0.024 -0.028)
(0.014 -0.024 -0.028)
(0.015 -0.024 -0.028)
(0.016 -0.024 -0.028)
(0.017 -0.024 -0.028)
(0.018 -0.024 -0.028)
(0.019 -0.024 -0.028)
(0.02 -0.024 -0.028)
(0.021 -0.024 -0.028)
(0.022 -0.024 -0.028)
(0.023 -0.024 -0.028)
(0.024 -0.024 -0.028)
(0.025 -0.024 -0.028)
(0.026 -0.024 -0.028)
(0 -0.022 -0.028)
(0.001 -0.022 -0.028)
(0.002 -0.022 -0.028)
(0.003 -0.022 -0.028)
(0.004 -0.022 -0.028)
(0.005 -0.022 -0.028)
(0.006 -0.022 -0.028)
(0.007 -0.022 -0.028)
(0.008 -0.022 -0.028)
(0.009 -0.022 -0.028)
(0.01 -0.022 -0.028)
(0.011 -0.022 -0.028)
(0.012 -0.022 -0.028)
(0.013 -0.022 -0.028)
(0.014 -0.022 -0.028)
(0.015 -0.022 -0.028)
(0.016 -0.022 -0.028)
(0.017 -0.022 -0.028)
(0.018 -0.022 -0.028)
(0.019 -0.022 -0.028)
(0.02 -0.022 -0.028)
(0.021 -0.022 -0.028)
(0.022 -0.022 -0.028)
(0.023 -0.022 -0.028)
(0.024 -0.022 -0.028)
(0.025 -0.022 -0.028)
(0.026 -0.022 -0.028)
(0 -0.02 -0.028)
(0.001 -0.02 -0.028)
(0.002 -0.02 -0.028)
(0.003 -0.02 -0.028)
(0.004 -0.02 -0.028)
(0.005 -0.02 -0.028)
(0.006 -0.02 -0.028)
(0.007 -0.02 -0.028)
(0.008 -0.02 -0.028)
(0.009 -0.02 -0.028)
(0.01 -0.02 -0.028)
(0.011 -0.02 -0.028)
(0.012 -0.02 -0.028)
(0.013 -0.02 -0.028)
(0.014 -0.02 -0.028)
(0.015 -0.02 -0.028)
(0.016 -0.02 -0.028)
(0.017 -0.02 -0.028)
(0.018 -0.02 -0.028)
(0.019 -0.02 -0.028)
(0.02 -0.02 -0.028)
(0.021 -0.02 -0.028)
(0.022 -0.02 -0.028)
(0.023 -0.02 -0.028)
(0.024 -0.02 -0.028)
(0.025 -0.02 -0.028)
(0.026 -0.02 -0.028)
(0 -0.018 -0.028)
(0.001 -0.018 -0.028)
(0.002 -0.018 -0.028)
(0.003 -0.018 -0.028)
(0.004 -0.018 -0.028)
(0.005 -0.018 -0.028)
(0.006 -0.018 -0.028)
(0.007 -0.018 -0.028)
(0.008 -0.018 -0.028)
(0.009 -0.018 -0.028)
(0.01 -0.018 -0.028)
(0.011 -0.018 -0.028)
(0.012 -0.018 -0.028)
(0.013 -0.018 -0.028)
(0.014 -0.018 -0.028)
(0.015 -0.018 -0.028)
(0.016 -0.018 -0.028)
(0.017 -0.018 -0.028)
(0.018 -0.018 -0.028)
(0.019 -0.018 -0.028)
(0.02 -0.018 -0.028)
(0.021 -0.018 -0.028)
(0.022 -0.018 -0.028)
(0.023 -0.018 -0.028)
(0.024 -0.018 -0.028)
(0.025 -0.018 -0.028)
(0.026 -0.018 -0.028)
(0 -0.016 -0.028)
(0.001 -0.016 -0.028)
(0.002 -0.016 -0.028)
(0.003 -0.016 -0.028)
(0.004 -0.016 -0.028)
(0.005 -0.016 -0.028)
(0.006 -0.016 -0.028)
(0.007 -0.016 -0.028)
(0.008 -0.016 -0.028)
(0.009 -0.016 -0.028)
(0.01 -0.016 -0.028)
(0.011 -0.016 -0.028)
(0.012 -0.016 -0.028)
(0.013 -0.016 -0.028)
(0.014 -0.016 -0.028)
(0.015 -0.016 -0.028)
(0.016 -0.016 -0.028)
(0.017 -0.016 -0.028)
(0.018 -0.016 -0.028)
(0.019 -0.016 -0.028)
(0.02 -0.016 -0.028)
(0.021 -0.016 -0.028)
(0.022 -0.016 -0.028)
(0.023 -0.016 -0.028)
(0.024 -0.016 -0.028)
(0.025 -0.016 -0.028)
(0.026 -0.016 -0.028)
(0 -0.014 -0.028)
(0.001 -0.014 -0.028)
(0.002 -0.014 -0.028)
(0.003 -0.014 -0.028)
(0.004 -0.014 -0.028)
(0.005 -0.014 -0.028)
(0.006 -0.014 -0.028)
(0.007 -0.014 -0.028)
(0.008 -0.014 -0.028)
(0.009 -0.014 -0.028)
(0.01 -0.014 -0.028)
(0.011 -0.014 -0.028)
(0.012 -0.014 -0.028)
(0.013 -0.014 -0.028)
(0.014 -0.014 -0.028)
(0.015 -0.014 -0.028)
(0.016 -0.014 -0.028)
(0.017 -0.014 -0.028)
(0.018 -0.014 -0.028)
(0.019 -0.014 -0.028)
(0.02 -0.014 -0.028)
(0.021 -0.014 -0.028)
(0.022 -0.014 -0.028)
(0.023 -0.014 -0.028)
(0.024 -0.014 -0.028)
(0.025 -0.014 -0.028)
(0.026 -0.014 -0.028)
(0 -0.012 -0.028)
(0.001 -0.012 -0.028)
(0.002 -0.012 -0.028)
(0.003 -0.012 -0.028)
(0.004 -0.012 -0.028)
(0.005 -0.012 -0.028)
(0.006 -0.012 -0.028)
(0.007 -0.012 -0.028)
(0.008 -0.012 -0.028)
(0.009 -0.012 -0.028)
(0.01 -0.012 -0.028)
(0.011 -0.012 -0.028)
(0.012 -0.012 -0.028)
(0.013 -0.012 -0.028)
(0.014 -0.012 -0.028)
(0.015 -0.012 -0.028)
(0.016 -0.012 -0.028)
(0.017 -0.012 -0.028)
(0.018 -0.012 -0.028)
(0.019 -0.012 -0.028)
(0.02 -0.012 -0.028)
(0.021 -0.012 -0.028)
(0.022 -0.012 -0.028)
(0.023 -0.012 -0.028)
(0.024 -0.012 -0.028)
(0.025 -0.012 -0.028)
(0.026 -0.012 -0.028)
(0 -0.01 -0.028)
(0.001 -0.01 -0.028)
(0.002 -0.01 -0.028)
(0.003 -0.01 -0.028)
(0.004 -0.01 -0.028)
(0.005 -0.01 -0.028)
(0.006 -0.01 -0.028)
(0.007 -0.01 -0.028)
(0.008 -0.01 -0.028)
(0.009 -0.01 -0.028)
(0.01 -0.01 -0.028)
(0.011 -0.01 -0.028)
(0.012 -0.01 -0.028)
(0.013 -0.01 -0.028)
(0.014 -0.01 -0.028)
(0.015 -0.01 -0.028)
(0.016 -0.01 -0.028)
(0.017 -0.01 -0.028)
(0.018 -0.01 -0.028)
(0.019 -0.01 -0.028)
(0.02 -0.01 -0.028)
(0.021 -0.01 -0.028)
(0.022 -0.01 -0.028)
(0.023 -0.01 -0.028)
(0.024 -0.01 -0.028)
(0.025 -0.01 -0.028)
(0.026 -0.01 -0.028)
(0 -0.008 -0.028)
(0.001 -0.008 -0.028)
(0.002 -0.008 -0.028)
(0.003 -0.008 -0.028)
(0.004 -0.008 -0.028)
(0.005 -0.008 -0.028)
(0.006 -0.008 -0.028)
(0.007 -0.008 -0.028)
(0.008 -0.008 -0.028)
(0.009 -0.008 -0.028)
(0.01 -0.008 -0.028)
(0.011 -0.008 -0.028)
(0.012 -0.008 -0.028)
(0.013 -0.008 -0.028)
(0.014 -0.008 -0.028)
(0.015 -0.008 -0.028)
(0.016 -0.008 -0.028)
(0.017 -0.008 -0.028)
(0.018 -0.008 -0.028)
(0.019 -0.008 -0.028)
(0.02 -0.008 -0.028)
(0.021 -0.008 -0.028)
(0.022 -0.008 -0.028)
(0.023 -0.008 -0.028)
(0.024 -0.008 -0.028)
(0.025 -0.008 -0.028)
(0.026 -0.008 -0.028)
(0 -0.006 -0.028)
(0.001 -0.006 -0.028)
(0.002 -0.006 -0.028)
(0.003 -0.006 -0.028)
(0.004 -0.006 -0.028)
(0.005 -0.006 -0.028)
(0.006 -0.006 -0.028)
(0.007 -0.006 -0.028)
(0.008 -0.006 -0.028)
(0.009 -0.006 -0.028)
(0.01 -0.006 -0.028)
(0.011 -0.006 -0.028)
(0.012 -0.006 -0.028)
(0.013 -0.006 -0.028)
(0.014 -0.006 -0.028)
(0.015 -0.006 -0.028)
(0.016 -0.006 -0.028)
(0.017 -0.006 -0.028)
(0.018 -0.006 -0.028)
(0.019 -0.006 -0.028)
(0.02 -0.006 -0.028)
(0.021 -0.006 -0.028)
(0.022 -0.006 -0.028)
(0.023 -0.006 -0.028)
(0.024 -0.006 -0.028)
(0.025 -0.006 -0.028)
(0.026 -0.006 -0.028)
(0 -0.004 -0.028)
(0.001 -0.004 -0.028)
(0.002 -0.004 -0.028)
(0.003 -0.004 -0.028)
(0.004 -0.004 -0.028)
(0.005 -0.004 -0.028)
(0.006 -0.004 -0.028)
(0.007 -0.004 -0.028)
(0.008 -0.004 -0.028)
(0.009 -0.004 -0.028)
(0.01 -0.004 -0.028)
(0.011 -0.004 -0.028)
(0.012 -0.004 -0.028)
(0.013 -0.004 -0.028)
(0.014 -0.004 -0.028)
(0.015 -0.004 -0.028)
(0.016 -0.004 -0.028)
(0.017 -0.004 -0.028)
(0.018 -0.004 -0.028)
(0.019 -0.004 -0.028)
(0.02 -0.004 -0.028)
(0.021 -0.004 -0.028)
(0.022 -0.004 -0.028)
(0.023 -0.004 -0.028)
(0.024 -0.004 -0.028)
(0.025 -0.004 -0.028)
(0.026 -0.004 -0.028)
(0 -0.002 -0.028)
(0.001 -0.002 -0.028)
(0.002 -0.002 -0.028)
(0.003 -0.002 -0.028)
(0.004 -0.002 -0.028)
(0.005 -0.002 -0.028)
(0.006 -0.002 -0.028)
(0.007 -0.002 -0.028)
(0.008 -0.002 -0.028)
(0.009 -0.002 -0.028)
(0.01 -0.002 -0.028)
(0.011 -0.002 -0.028)
(0.012 -0.002 -0.028)
(0.013 -0.002 -0.028)
(0.014 -0.002 -0.028)
(0.015 -0.002 -0.028)
(0.016 -0.002 -0.028)
(0.017 -0.002 -0.028)
(0.018 -0.002 -0.028)
(0.019 -0.002 -0.028)
(0.02 -0.002 -0.028)
(0.021 -0.002 -0.028)
(0.022 -0.002 -0.028)
(0.023 -0.002 -0.028)
(0.024 -0.002 -0.028)
(0.025 -0.002 -0.028)
(0.026 -0.002 -0.028)
(0 0 -0.028)
(0.001 0 -0.028)
(0.002 5.7824116e-19 -0.028)
(0.003 0 -0.028)
(0.004 0 -0.028)
(0.005 0 -0.028)
(0.006 0 -0.028)
(0.007 0 -0.028)
(0.008 0 -0.028)
(0.009 0 -0.028)
(0.01 0 -0.028)
(0.011 0 -0.028)
(0.012 0 -0.028)
(0.013 -5.7824116e-19 -0.028)
(0.014 0 -0.028)
(0.015 0 -0.028)
(0.016 2.8912058e-19 -0.028)
(0.017 -2.8912058e-19 -0.028)
(0.018 0 -0.028)
(0.019 2.8912058e-19 -0.028)
(0.02 -2.8912058e-19 -0.028)
(0.021 0 -0.028)
(0.022 2.8912058e-19 -0.028)
(0.023 -1.4456029e-19 -0.028)
(0.024 0 -0.028)
(0.025 1.4456029e-19 -0.028)
(0.026 -1.4456029e-19 -0.028)
(0 0.002 -0.028)
(0.001 0.002 -0.028)
(0.002 0.002 -0.028)
(0.003 0.002 -0.028)
(0.004 0.002 -0.028)
(0.005 0.002 -0.028)
(0.006 0.002 -0.028)
(0.007 0.002 -0.028)
(0.008 0.002 -0.028)
(0.009 0.002 -0.028)
(0.01 0.002 -0.028)
(0.011 0.002 -0.028)
(0.012 0.002 -0.028)
(0.013 0.002 -0.028)
(0.014 0.002 -0.028)
(0.015 0.002 -0.028)
(0.016 0.002 -0.028)
(0.017 0.002 -0.028)
(0.018 0.002 -0.028)
(0.019 0.002 -0.028)
(0.02 0.002 -0.028)
(0.021 0.002 -0.028)
(0.022 0.002 -0.028)
(0.023 0.002 -0.028)
(0.024 0.002 -0.028)
(0.025 0.002 -0.028)
(0.026 0.002 -0.028)
(0 0.004 -0.028)
(0.001 0.004 -0.028)
(0.002 0.004 -0.028)
(0.003 0.004 -0.028)
(0.004 0.004 -0.028)
(0.005 0.004 -0.028)
(0.006 0.004 -0.028)
(0.007 0.004 -0.028)
(0.008 0.004 -0.028)
(0.009 0.004 -0.028)
(0.01 0.004 -0.028)
(0.011 0.004 -0.028)
(0.012 0.004 -0.028)
(0.013 0.004 -0.028)
(0.014 0.004 -0.028)
(0.015 0.004 -0.028)
(0.016 0.004 -0.028)
(0.017 0.004 -0.028)
(0.018 0.004 -0.028)
(0.019 0.004 -0.028)
(0.02 0.004 -0.028)
(0.021 0.004 -0.028)
(0.022 0.004 -0.028)
(0.023 0.004 -0.028)
(0.024 0.004 -0.028)
(0.025 0.004 -0.028)
(0.026 0.004 -0.028)
(0 0.006 -0.028)
(0.001 0.006 -0.028)
(0.002 0.006 -0.028)
(0.003 0.006 -0.028)
(0.004 0.006 -0.028)
(0.005 0.006 -0.028)
(0.006 0.006 -0.028)
(0.007 0.006 -0.028)
(0.008 0.006 -0.028)
(0.009 0.006 -0.028)
(0.01 0.006 -0.028)
(0.011 0.006 -0.028)
(0.012 0.006 -0.028)
(0.013 0.006 -0.028)
(0.014 0.006 -0.028)
(0.015 0.006 -0.028)
(0.016 0.006 -0.028)
(0.017 0.006 -0.028)
(0.018 0.006 -0.028)
(0.019 0.006 -0.028)
(0.02 0.006 -0.028)
(0.021 0.006 -0.028)
(0.022 0.006 -0.028)
(0.023 0.006 -0.028)
(0.024 0.006 -0.028)
(0.025 0.006 -0.028)
(0.026 0.006 -0.028)
(0 0.008 -0.028)
(0.001 0.008 -0.028)
(0.002 0.008 -0.028)
(0.003 0.008 -0.028)
(0.004 0.008 -0.028)
(0.005 0.008 -0.028)
(0.006 0.008 -0.028)
(0.007 0.008 -0.028)
(0.008 0.008 -0.028)
(0.009 0.008 -0.028)
(0.01 0.008 -0.028)
(0.011 0.008 -0.028)
(0.012 0.008 -0.028)
(0.013 0.008 -0.028)
(0.014 0.008 -0.028)
(0.015 0.008 -0.028)
(0.016 0.008 -0.028)
(0.017 0.008 -0.028)
(0.018 0.008 -0.028)
(0.019 0.008 -0.028)
(0.02 0.008 -0.028)
(0.021 0.008 -0.028)
(0.022 0.008 -0.028)
(0.023 0.008 -0.028)
(0.024 0.008 -0.028)
(0.025 0.008 -0.028)
(0.026 0.008 -0.028)
(0 0.01 -0.028)
(0.001 0.01 -0.028)
(0.002 0.01 -0.028)
(0.003 0.01 -0.028)
(0.004 0.01 -0.028)
(0.005 0.01 -0.028)
(0.006 0.01 -0.028)
(0.007 0.01 -0.028)
(0.008 0.01 -0.028)
(0.009 0.01 -0.028)
(0.01 0.01 -0.028)
(0.011 0.01 -0.028)
(0.012 0.01 -0.028)
(0.013 0.01 -0.028)
(0.014 0.01 -0.028)
(0.015 0.01 -0.028)
(0.016 0.01 -0.028)
(0.017 0.01 -0.028)
(0.018 0.01 -0.028)
(0.019 0.01 -0.028)
(0.02 0.01 -0.028)
(0.021 0.01 -0.028)
(0.022 0.01 -0.028)
(0.023 0.01 -0.028)
(0.024 0.01 -0.028)
(0.025 0.01 -0.028)
(0.026 0.01 -0.028)
(0 0.012 -0.028)
(0.001 0.012 -0.028)
(0.002 0.012 -0.028)
(0.003 0.012 -0.028)
(0.004 0.012 -0.028)
(0.005 0.012 -0.028)
(0.006 0.012 -0.028)
(0.007 0.012 -0.028)
(0.008 0.012 -0.028)
(0.009 0.012 -0.028)
(0.01 0.012 -0.028)
(0.011 0.012 -0.028)
(0.012 0.012 -0.028)
(0.013 0.012 -0.028)
(0.014 0.012 -0.028)
(0.015 0.012 -0.028)
(0.016 0.012 -0.028)
(0.017 0.012 -0.028)
(0.018 0.012 -0.028)
(0.019 0.012 -0.028)
(0.02 0.012 -0.028)
(0.021 0.012 -0.028)
(0.022 0.012 -0.028)
(0.023 0.012 -0.028)
(0.024 0.012 -0.028)
(0.025 0.012 -0.028)
(0.026 0.012 -0.028)
(0 0.014 -0.028)
(0.001 0.014 -0.028)
(0.002 0.014 -0.028)
(0.003 0.014 -0.028)
(0.004 0.014 -0.028)
(0.005 0.014 -0.028)
(0.006 0.014 -0.028)
(0.007 0.014 -0.028)
(0.008 0.014 -0.028)
(0.009 0.014 -0.028)
(0.01 0.014 -0.028)
(0.011 0.014 -0.028)
(0.012 0.014 -0.028)
(0.013 0.014 -0.028)
(0.014 0.014 -0.028)
(0.015 0.014 -0.028)
(0.016 0.014 -0.028)
(0.017 0.014 -0.028)
(0.018 0.014 -0.028)
(0.019 0.014 -0.028)
(0.02 0.014 -0.028)
(0.021 0.014 -0.028)
(0.022 0.014 -0.028)
(0.023 0.014 -0.028)
(0.024 0.014 -0.028)
(0.025 0.014 -0.028)
(0.026 0.014 -0.028)
(0 0.016 -0.028)
(0.001 0.016 -0.028)
(0.002 0.016 -0.028)
(0.003 0.016 -0.028)
(0.004 0.016 -0.028)
(0.005 0.016 -0.028)
(0.006 0.016 -0.028)
(0.007 0.016 -0.028)
(0.008 0.016 -0.028)
(0.009 0.016 -0.028)
(0.01 0.016 -0.028)
(0.011 0.016 -0.028)
(0.012 0.016 -0.028)
(0.013 0.016 -0.028)
(0.014 0.016 -0.028)
(0.015 0.016 -0.028)
(0.016 0.016 -0.028)
(0.017 0.016 -0.028)
(0.018 0.016 -0.028)
(0.019 0.016 -0.028)
(0.02 0.016 -0.028)
(0.021 0.016 -0.028)
(0.022 0.016 -0.028)
(0.023 0.016 -0.028)
(0.024 0.016 -0.028)
(0.025 0.016 -0.028)
(0.026 0.016 -0.028)
(0 0.018 -0.028)
(0.001 0.018 -0.028)
(0.002 0.018 -0.028)
(0.003 0.018 -0.028)
(0.004 0.018 -0.028)
(0.005 0.018 -0.028)
(0.006 0.018 -0.028)
(0.007 0.018 -0.028)
(0.008 0.018 -0.028)
(0.009 0.018 -0.028)
(0.01 0.018 -0.028)
(0.011 0.018 -0.028)
(0.012 0.018 -0.028)
(0.013 0.018 -0.028)
(0.014 0.018 -0.028)
(0.015 0.018 -0.028)
(0.016 0.018 -0.028)
(0.017 0.018 -0.028)
(0.018 0.018 -0.028)
(0.019 0.018 -0.028)
(0.02 0.018 -0.028)
(0.021 0.018 -0.028)
(0.022 0.018 -0.028)
(0.023 0.018 -0.028)
(0.024 0.018 -0.028)
(0.025 0.018 -0.028)
(0.026 0.018 -0.028)
(0 0.02 -0.028)
(0.001 0.02 -0.028)
(0.002 0.02 -0.028)
(0.003 0.02 -0.028)
(0.004 0.02 -0.028)
(0.005 0.02 -0.028)
(0.006 0.02 -0.028)
(0.007 0.02 -0.028)
(0.008 0.02 -0.028)
(0.009 0.02 -0.028)
(0.01 0.02 -0.028)
(0.011 0.02 -0.028)
(0.012 0.02 -0.028)
(0.013 0.02 -0.028)
(0.014 0.02 -0.028)
(0.015 0.02 -0.028)
(0.016 0.02 -0.028)
(0.017 0.02 -0.028)
(0.018 0.02 -0.028)
(0.019 0.02 -0.028)
(0.02 0.02 -0.028)
(0.021 0.02 -0.028)
(0.022 0.02 -0.028)
(0.023 0.02 -0.028)
(0.024 0.02 -0.028)
(0.025 0.02 -0.028)
(0.026 0.02 -0.028)
(0 0.022 -0.028)
(0.001 0.022 -0.028)
(0.002 0.022 -0.028)
(0.003 0.022 -0.028)
(0.004 0.022 -0.028)
(0.005 0.022 -0.028)
(0.006 0.022 -0.028)
(0.007 0.022 -0.028)
(0.008 0.022 -0.028)
(0.009 0.022 -0.028)
(0.01 0.022 -0.028)
(0.011 0.022 -0.028)
(0.012 0.022 -0.028)
(0.013 0.022 -0.028)
(0.014 0.022 -0.028)
(0.015 0.022 -0.028)
(0.016 0.022 -0.028)
(0.017 0.022 -0.028)
(0.018 0.022 -0.028)
(0.019 0.022 -0.028)
(0.02 0.022 -0.028)
(0.021 0.022 -0.028)
(0.022 0.022 -0.028)
(0.023 0.022 -0.028)
(0.024 0.022 -0.028)
(0.025 0.022 -0.028)
(0.026 0.022 -0.028)
(0 0.024 -0.028)
(0.001 0.024 -0.028)
(0.002 0.024 -0.028)
(0.003 0.024 -0.028)
(0.004 0.024 -0.028)
(0.005 0.024 -0.028)
(0.006 0.024 -0.028)
(0.007 0.024 -0.028)
(0.008 0.024 -0.028)
(0.009 0.024 -0.028)
(0.01 0.024 -0.028)
(0.011 0.024 -0.028)
(0.012 0.024 -0.028)
(0.013 0.024 -0.028)
(0.014 0.024 -0.028)
(0.015 0.024 -0.028)
(0.016 0.024 -0.028)
(0.017 0.024 -0.028)
(0.018 0.024 -0.028)
(0.019 0.024 -0.028)
(0.02 0.024 -0.028)
(0.021 0.024 -0.028)
(0.022 0.024 -0.028)
(0.023 0.024 -0.028)
(0.024 0.024 -0.028)
(0.025 0.024 -0.028)
(0.026 0.024 -0.028)
(0 0.026 -0.028)
(0.001 0.026 -0.028)
(0.002 0.026 -0.028)
(0.003 0.026 -0.028)
(0.004 0.026 -0.028)
(0.005 0.026 -0.028)
(0.006 0.026 -0.028)
(0.007 0.026 -0.028)
(0.008 0.026 -0.028)
(0.009 0.026 -0.028)
(0.01 0.026 -0.028)
(0.011 0.026 -0.028)
(0.012 0.026 -0.028)
(0.013 0.026 -0.028)
(0.014 0.026 -0.028)
(0.015 0.026 -0.028)
(0.016 0.026 -0.028)
(0.017 0.026 -0.028)
(0.018 0.026 -0.028)
(0.019 0.026 -0.028)
(0.02 0.026 -0.028)
(0.021 0.026 -0.028)
(0.022 0.026 -0.028)
(0.023 0.026 -0.028)
(0.024 0.026 -0.028)
(0.025 0.026 -0.028)
(0.026 0.026 -0.028)
(0 0.028 -0.028)
(0.001 0.028 -0.028)
(0.002 0.028 -0.028)
(0.003 0.028 -0.028)
(0.004 0.028 -0.028)
(0.005 0.028 -0.028)
(0.006 0.028 -0.028)
(0.007 0.028 -0.028)
(0.008 0.028 -0.028)
(0.009 0.028 -0.028)
(0.01 0.028 -0.028)
(0.011 0.028 -0.028)
(0.012 0.028 -0.028)
(0.013 0.028 -0.028)
(0.014 0.028 -0.028)
(0.015 0.028 -0.028)
(0.016 0.028 -0.028)
(0.017 0.028 -0.028)
(0.018 0.028 -0.028)
(0.019 0.028 -0.028)
(0.02 0.028 -0.028)
(0.021 0.028 -0.028)
(0.022 0.028 -0.028)
(0.023 0.028 -0.028)
(0.024 0.028 -0.028)
(0.025 0.028 -0.028)
(0.026 0.028 -0.028)
(0 0.03 -0.028)
(0.001 0.03 -0.028)
(0.002 0.03 -0.028)
(0.003 0.03 -0.028)
(0.004 0.03 -0.028)
(0.005 0.03 -0.028)
(0.006 0.03 -0.028)
(0.007 0.03 -0.028)
(0.008 0.03 -0.028)
(0.009 0.03 -0.028)
(0.01 0.03 -0.028)
(0.011 0.03 -0.028)
(0.012 0.03 -0.028)
(0.013 0.03 -0.028)
(0.014 0.03 -0.028)
(0.015 0.03 -0.028)
(0.016 0.03 -0.028)
(0.017 0.03 -0.028)
(0.018 0.03 -0.028)
(0.019 0.03 -0.028)
(0.02 0.03 -0.028)
(0.021 0.03 -0.028)
(0.022 0.03 -0.028)
(0.023 0.03 -0.028)
(0.024 0.03 -0.028)
(0.025 0.03 -0.028)
(0.026 0.03 -0.028)
(0 -0.03 -0.027)
(0.001 -0.03 -0.027)
(0.002 -0.03 -0.027)
(0.003 -0.03 -0.027)
(0.004 -0.03 -0.027)
(0.005 -0.03 -0.027)
(0.006 -0.03 -0.027)
(0.007 -0.03 -0.027)
(0.008 -0.03 -0.027)
(0.009 -0.03 -0.027)
(0.01 -0.03 -0.027)
(0.011 -0.03 -0.027)
(0.012 -0.03 -0.027)
(0.013 -0.03 -0.027)
(0.014 -0.03 -0.027)
(0.015 -0.03 -0.027)
(0.016 -0.03 -0.027)
(0.017 -0.03 -0.027)
(0.018 -0.03 -0.027)
(0.019 -0.03 -0.027)
(0.02 -0.03 -0.027)
(0.021 -0.03 -0.027)
(0.022 -0.03 -0.027)
(0.023 -0.03 -0.027)
(0.024 -0.03 -0.027)
(0.025 -0.03 -0.027)
(0.026 -0.03 -0.027)
(0 -0.028 -0.027)
(0.001 -0.028 -0.027)
(0.002 -0.028 -0.027)
(0.003 -0.028 -0.027)
(0.004 -0.028 -0.027)
(0.005 -0.028 -0.027)
(0.006 -0.028 -0.027)
(0.007 -0.028 -0.027)
(0.008 -0.028 -0.027)
(0.009 -0.028 -0.027)
(0.01 -0.028 -0.027)
(0.011 -0.028 -0.027)
(0.012 -0.028 -0.027)
(0.013 -0.028 -0.027)
(0.014 -0.028 -0.027)
(0.015 -0.028 -0.027)
(0.016 -0.028 -0.027)
(0.017 -0.028 -0.027)
(0.018 -0.028 -0.027)
(0.019 -0.028 -0.027)
(0.02 -0.028 -0.027)
(0.021 -0.028 -0.027)
(0.022 -0.028 -0.027)
(0.023 -0.028 -0.027)
(0.024 -0.028 -0.027)
(0.025 -0.028 -0.027)
(0.026 -0.028 -0.027)
(0 -0.026 -0.027)
(0.001 -0.026 -0.027)
(0.002 -0.026 -0.027)
(0.003 -0.026 -0.027)
(0.004 -0.026 -0.027)
(0.005 -0.026 -0.027)
(0.006 -0.026 -0.027)
(0.007 -0.026 -0.027)
(0.008 -0.026 -0.027)
(0.009 -0.026 -0.027)
(0.01 -0.026 -0.027)
(0.011 -0.026 -0.027)
(0.012 -0.026 -0.027)
(0.013 -0.026 -0.027)
(0.014 -0.026 -0.027)
(0.015 -0.026 -0.027)
(0.016 -0.026 -0.027)
(0.017 -0.026 -0.027)
(0.018 -0.026 -0.027)
(0.019 -0.026 -0.027)
(0.02 -0.026 -0.027)
(0.021 -0.026 -0.027)
(0.022 -0.026 -0.027)
(0.023 -0.026 -0.027)
(0.024 -0.026 -0.027)
(0.025 -0.026 -0.027)
(0.026 -0.026 -0.027)
(0 -0.024 -0.027)
(0.001 -0.024 -0.027)
(0.002 -0.024 -0.027)
(0.003 -0.024 -0.027)
(0.004 -0.024 -0.027)
(0.005 -0.024 -0.027)
(0.006 -0.024 -0.027)
(0.007 -0.024 -0.027)
(0.008 -0.024 -0.027)
(0.009 -0.024 -0.027)
(0.01 -0.024 -0.027)
(0.011 -0.024 -0.027)
(0.012 -0.024 -0.027)
(0.013 -0.024 -0.027)
(0.014 -0.024 -0.027)
(0.015 -0.024 -0.027)
(0.016 -0.024 -0.027)
(0.017 -0.024 -0.027)
(0.018 -0.024 -0.027)
(0.019 -0.024 -0.027)
(0.02 -0.024 -0.027)
(0.021 -0.024 -0.027)
(0.022 -0.024 -0.027)
(0.023 -0.024 -0.027)
(0.024 -0.024 -0.027)
(0.025 -0.024 -0.027)
(0.026 -0.024 -0.027)
(0 -0.022 -0.027)
(0.001 -0.022 -0.027)
(0.002 -0.022 -0.027)
(0.003 -0.022 -0.027)
(0.004 -0.022 -0.027)
(0.005 -0.022 -0.027)
(0.006 -0.022 -0.027)
(0.007 -0.022 -0.027)
(0.008 -0.022 -0.027)
(0.009 -0.022 -0.027)
(0.01 -0.022 -0.027)
(0.011 -0.022 -0.027)
(0.012 -0.022 -0.027)
(0.013 -0.022 -0.027)
(0.014 -0.022 -0.027)
(0.015 -0.022 -0.027)
(0.016 -0.022 -0.027)
(0.017 -0.022 -0.027)
(0.018 -0.022 -0.027)
(0.019 -0.022 -0.027)
(0.02 -0.022 -0.027)
(0.021 -0.022 -0.027)
(0.022 -0.022 -0.027)
(0.023 -0.022 -0.027)
(0.024 -0.022 -0.027)
(0.025 -0.022 -0.027)
(0.026 -0.022 -0.027)
(0 -0.02 -0.027)
(0.001 -0.02 -0.027)
(0.002 -0.02 -0.027)
(0.003 -0.02 -0.027)
(0.004 -0.02 -0.027)
(0.005 -0.02 -0.027)
(0.006 -0.02 -0.027)
(0.007 -0.02 -0.027)
(0.008 -0.02 -0.027)
(0.009 -0.02 -0.027)
(0.01 -0.02 -0.027)
(0.011 -0.02 -0.027)
(0.012 -0.02 -0.027)
(0.013 -0.02 -0.027)
(0.014 -0.02 -0.027)
(0.015 -0.02 -0.027)
(0.016 -0.02 -0.027)
(0.017 -0.02 -0.027)
(0.018 -0.02 -0.027)
(0.019 -0.02 -0.027)
(0.02 -0.02 -0.027)
(0.021 -0.02 -0.027)
(0.022 -0.02 -0.027)
(0.023 -0.02 -0.027)
(0.024 -0.02 -0.027)
(0.025 -0.02 -0.027)
(0.026 -0.02 -0.027)
(0 -0.018 -0.027)
(0.001 -0.018 -0.027)
(0.002 -0.018 -0.027)
(0.003 -0.018 -0.027)
(0.004 -0.018 -0.027)
(0.005 -0.018 -0.027)
(0.006 -0.018 -0.027)
(0.007 -0.018 -0.027)
(0.008 -0.018 -0.027)
(0.009 -0.018 -0.027)
(0.01 -0.018 -0.027)
(0.011 -0.018 -0.027)
(0.012 -0.018 -0.027)
(0.013 -0.018 -0.027)
(0.014 -0.018 -0.027)
(0.015 -0.018 -0.027)
(0.016 -0.018 -0.027)
(0.017 -0.018 -0.027)
(0.018 -0.018 -0.027)
(0.019 -0.018 -0.027)
(0.02 -0.018 -0.027)
(0.021 -0.018 -0.027)
(0.022 -0.018 -0.027)
(0.023 -0.018 -0.027)
(0.024 -0.018 -0.027)
(0.025 -0.018 -0.027)
(0.026 -0.018 -0.027)
(0 -0.016 -0.027)
(0.001 -0.016 -0.027)
(0.002 -0.016 -0.027)
(0.003 -0.016 -0.027)
(0.004 -0.016 -0.027)
(0.005 -0.016 -0.027)
(0.006 -0.016 -0.027)
(0.007 -0.016 -0.027)
(0.008 -0.016 -0.027)
(0.009 -0.016 -0.027)
(0.01 -0.016 -0.027)
(0.011 -0.016 -0.027)
(0.012 -0.016 -0.027)
(0.013 -0.016 -0.027)
(0.014 -0.016 -0.027)
(0.015 -0.016 -0.027)
(0.016 -0.016 -0.027)
(0.017 -0.016 -0.027)
(0.018 -0.016 -0.027)
(0.019 -0.016 -0.027)
(0.02 -0.016 -0.027)
(0.021 -0.016 -0.027)
(0.022 -0.016 -0.027)
(0.023 -0.016 -0.027)
(0.024 -0.016 -0.027)
(0.025 -0.016 -0.027)
(0.026 -0.016 -0.027)
(0 -0.014 -0.027)
(0.001 -0.014 -0.027)
(0.002 -0.014 -0.027)
(0.003 -0.014 -0.027)
(0.004 -0.014 -0.027)
(0.005 -0.014 -0.027)
(0.006 -0.014 -0.027)
(0.007 -0.014 -0.027)
(0.008 -0.014 -0.027)
(0.009 -0.014 -0.027)
(0.01 -0.014 -0.027)
(0.011 -0.014 -0.027)
(0.012 -0.014 -0.027)
(0.013 -0.014 -0.027)
(0.014 -0.014 -0.027)
(0.015 -0.014 -0.027)
(0.016 -0.014 -0.027)
(0.017 -0.014 -0.027)
(0.018 -0.014 -0.027)
(0.019 -0.014 -0.027)
(0.02 -0.014 -0.027)
(0.021 -0.014 -0.027)
(0.022 -0.014 -0.027)
(0.023 -0.014 -0.027)
(0.024 -0.014 -0.027)
(0.025 -0.014 -0.027)
(0.026 -0.014 -0.027)
(0 -0.012 -0.027)
(0.001 -0.012 -0.027)
(0.002 -0.012 -0.027)
(0.003 -0.012 -0.027)
(0.004 -0.012 -0.027)
(0.005 -0.012 -0.027)
(0.006 -0.012 -0.027)
(0.007 -0.012 -0.027)
(0.008 -0.012 -0.027)
(0.009 -0.012 -0.027)
(0.01 -0.012 -0.027)
(0.011 -0.012 -0.027)
(0.012 -0.012 -0.027)
(0.013 -0.012 -0.027)
(0.014 -0.012 -0.027)
(0.015 -0.012 -0.027)
(0.016 -0.012 -0.027)
(0.017 -0.012 -0.027)
(0.018 -0.012 -0.027)
(0.019 -0.012 -0.027)
(0.02 -0.012 -0.027)
(0.021 -0.012 -0.027)
(0.022 -0.012 -0.027)
(0.023 -0.012 -0.027)
(0.024 -0.012 -0.027)
(0.025 -0.012 -0.027)
(0.026 -0.012 -0.027)
(0 -0.01 -0.027)
(0.001 -0.01 -0.027)
(0.002 -0.01 -0.027)
(0.003 -0.01 -0.027)
(0.004 -0.01 -0.027)
(0.005 -0.01 -0.027)
(0.006 -0.01 -0.027)
(0.007 -0.01 -0.027)
(0.008 -0.01 -0.027)
(0.009 -0.01 -0.027)
(0.01 -0.01 -0.027)
(0.011 -0.01 -0.027)
(0.012 -0.01 -0.027)
(0.013 -0.01 -0.027)
(0.014 -0.01 -0.027)
(0.015 -0.01 -0.027)
(0.016 -0.01 -0.027)
(0.017 -0.01 -0.027)
(0.018 -0.01 -0.027)
(0.019 -0.01 -0.027)
(0.02 -0.01 -0.027)
(0.021 -0.01 -0.027)
(0.022 -0.01 -0.027)
(0.023 -0.01 -0.027)
(0.024 -0.01 -0.027)
(0.025 -0.01 -0.027)
(0.026 -0.01 -0.027)
(0 -0.008 -0.027)
(0.001 -0.008 -0.027)
(0.002 -0.008 -0.027)
(0.003 -0.008 -0.027)
(0.004 -0.008 -0.027)
(0.005 -0.008 -0.027)
(0.006 -0.008 -0.027)
(0.007 -0.008 -0.027)
(0.008 -0.008 -0.027)
(0.009 -0.008 -0.027)
(0.01 -0.008 -0.027)
(0.011 -0.008 -0.027)
(0.012 -0.008 -0.027)
(0.013 -0.008 -0.027)
(0.014 -0.008 -0.027)
(0.015 -0.008 -0.027)
(0.016 -0.008 -0.027)
(0.017 -0.008 -0.027)
(0.018 -0.008 -0.027)
(0.019 -0.008 -0.027)
(0.02 -0.008 -0.027)
(0.021 -0.008 -0.027)
(0.022 -0.008 -0.027)
(0.023 -0.008 -0.027)
(0.024 -0.008 -0.027)
(0.025 -0.008 -0.027)
(0.026 -0.008 -0.027)
(0 -0.006 -0.027)
(0.001 -0.006 -0.027)
(0.002 -0.006 -0.027)
(0.003 -0.006 -0.027)
(0.004 -0.006 -0.027)
(0.005 -0.006 -0.027)
(0.006 -0.006 -0.027)
(0.007 -0.006 -0.027)
(0.008 -0.006 -0.027)
(0.009 -0.006 -0.027)
(0.01 -0.006 -0.027)
(0.011 -0.006 -0.027)
(0.012 -0.006 -0.027)
(0.013 -0.006 -0.027)
(0.014 -0.006 -0.027)
(0.015 -0.006 -0.027)
(0.016 -0.006 -0.027)
(0.017 -0.006 -0.027)
(0.018 -0.006 -0.027)
(0.019 -0.006 -0.027)
(0.02 -0.006 -0.027)
(0.021 -0.006 -0.027)
(0.022 -0.006 -0.027)
(0.023 -0.006 -0.027)
(0.024 -0.006 -0.027)
(0.025 -0.006 -0.027)
(0.026 -0.006 -0.027)
(0 -0.004 -0.027)
(0.001 -0.004 -0.027)
(0.002 -0.004 -0.027)
(0.003 -0.004 -0.027)
(0.004 -0.004 -0.027)
(0.005 -0.004 -0.027)
(0.006 -0.004 -0.027)
(0.007 -0.004 -0.027)
(0.008 -0.004 -0.027)
(0.009 -0.004 -0.027)
(0.01 -0.004 -0.027)
(0.011 -0.004 -0.027)
(0.012 -0.004 -0.027)
(0.013 -0.004 -0.027)
(0.014 -0.004 -0.027)
(0.015 -0.004 -0.027)
(0.016 -0.004 -0.027)
(0.017 -0.004 -0.027)
(0.018 -0.004 -0.027)
(0.019 -0.004 -0.027)
(0.02 -0.004 -0.027)
(0.021 -0.004 -0.027)
(0.022 -0.004 -0.027)
(0.023 -0.004 -0.027)
(0.024 -0.004 -0.027)
(0.025 -0.004 -0.027)
(0.026 -0.004 -0.027)
(0 -0.002 -0.027)
(0.001 -0.002 -0.027)
(0.002 -0.002 -0.027)
(0.003 -0.002 -0.027)
(0.004 -0.002 -0.027)
(0.005 -0.002 -0.027)
(0.006 -0.002 -0.027)
(0.007 -0.002 -0.027)
(0.008 -0.002 -0.027)
(0.009 -0.002 -0.027)
(0.01 -0.002 -0.027)
(0.011 -0.002 -0.027)
(0.012 -0.002 -0.027)
(0.013 -0.002 -0.027)
(0.014 -0.002 -0.027)
(0.015 -0.002 -0.027)
(0.016 -0.002 -0.027)
(0.017 -0.002 -0.027)
(0.018 -0.002 -0.027)
(0.019 -0.002 -0.027)
(0.02 -0.002 -0.027)
(0.021 -0.002 -0.027)
(0.022 -0.002 -0.027)
(0.023 -0.002 -0.027)
(0.024 -0.002 -0.027)
(0.025 -0.002 -0.027)
(0.026 -0.002 -0.027)
(0 0 -0.027)
(0.001 0 -0.027)
(0.002 0 -0.027)
(0.003 0 -0.027)
(0.004 0 -0.027)
(0.005 0 -0.027)
(0.006 0 -0.027)
(0.007 -5.7824116e-19 -0.027)
(0.008 0 -0.027)
(0.009 0 -0.027)
(0.01 0 -0.027)
(0.011 0 -0.027)
(0.012 0 -0.027)
(0.013 -5.7824116e-19 -0.027)
(0.014 0 -0.027)
(0.015 0 -0.027)
(0.016 0 -0.027)
(0.017 -2.8912058e-19 -0.027)
(0.018 0 -0.027)
(0.019 2.8912058e-19 -0.027)
(0.02 -2.8912058e-19 -0.027)
(0.021 2.8912058e-19 -0.027)
(0.022 2.8912058e-19 -0.027)
(0.023 -1.4456029e-19 -0.027)
(0.024 0 -0.027)
(0.025 1.4456029e-19 -0.027)
(0.026 -1.4456029e-19 -0.027)
(0 0.002 -0.027)
(0.001 0.002 -0.027)
(0.002 0.002 -0.027)
(0.003 0.002 -0.027)
(0.004 0.002 -0.027)
(0.005 0.002 -0.027)
(0.006 0.002 -0.027)
(0.007 0.002 -0.027)
(0.008 0.002 -0.027)
(0.009 0.002 -0.027)
(0.01 0.002 -0.027)
(0.011 0.002 -0.027)
(0.012 0.002 -0.027)
(0.013 0.002 -0.027)
(0.014 0.002 -0.027)
(0.015 0.002 -0.027)
(0.016 0.002 -0.027)
(0.017 0.002 -0.027)
(0.018 0.002 -0.027)
(0.019 0.002 -0.027)
(0.02 0.002 -0.027)
(0.021 0.002 -0.027)
(0.022 0.002 -0.027)
(0.023 0.002 -0.027)
(0.024 0.002 -0.027)
(0.025 0.002 -0.027)
(0.026 0.002 -0.027)
(0 0.004 -0.027)
(0.001 0.004 -0.027)
(0.002 0.004 -0.027)
(0.003 0.004 -0.027)
(0.004 0.004 -0.027)
(0.005 0.004 -0.027)
(0.006 0.004 -0.027)
(0.007 0.004 -0.027)
(0.008 0.004 -0.027)
(0.009 0.004 -0.027)
(0.01 0.004 -0.027)
(0.011 0.004 -0.027)
(0.012 0.004 -0.027)
(0.013 0.004 -0.027)
(0.014 0.004 -0.027)
(0.015 0.004 -0.027)
(0.016 0.004 -0.027)
(0.017 0.004 -0.027)
(0.018 0.004 -0.027)
(0.019 0.004 -0.027)
(0.02 0.004 -0.027)
(0.021 0.004 -0.027)
(0.022 0.004 -0.027)
(0.023 0.004 -0.027)
(0.024 0.004 -0.027)
(0.025 0.004 -0.027)
(0.026 0.004 -0.027)
(0 0.006 -0.027)
(0.001 0.006 -0.027)
(0.002 0.006 -0.027)
(0.003 0.006 -0.027)
(0.004 0.006 -0.027)
(0.005 0.006 -0.027)
(0.006 0.006 -0.027)
(0.007 0.006 -0.027)
(0.008 0.006 -0.027)
(0.009 0.006 -0.027)
(0.01 0.006 -0.027)
(0.011 0.006 -0.027)
(0.012 0.006 -0.027)
(0.013 0.006 -0.027)
(0.014 0.006 -0.027)
(0.015 0.006 -0.027)
(0.016 0.006 -0.027)
(0.017 0.006 -0.027)
(0.018 0.006 -0.027)
(0.019 0.006 -0.027)
(0.02 0.006 -0.027)
(0.021 0.006 -0.027)
(0.022 0.006 -0.027)
(0.023 0.006 -0.027)
(0.024 0.006 -0.027)
(0.025 0.006 -0.027)
(0.026 0.006 -0.027)
(0 0.008 -0.027)
(0.001 0.008 -0.027)
(0.002 0.008 -0.027)
(0.003 0.008 -0.027)
(0.004 0.008 -0.027)
(0.005 0.008 -0.027)
(0.006 0.008 -0.027)
(0.007 0.008 -0.027)
(0.008 0.008 -0.027)
(0.009 0.008 -0.027)
(0.01 0.008 -0.027)
(0.011 0.008 -0.027)
(0.012 0.008 -0.027)
(0.013 0.008 -0.027)
(0.014 0.008 -0.027)
(0.015 0.008 -0.027)
(0.016 0.008 -0.027)
(0.017 0.008 -0.027)
(0.018 0.008 -0.027)
(0.019 0.008 -0.027)
(0.02 0.008 -0.027)
(0.021 0.008 -0.027)
(0.022 0.008 -0.027)
(0.023 0.008 -0.027)
(0.024 0.008 -0.027)
(0.025 0.008 -0.027)
(0.026 0.008 -0.027)
(0 0.01 -0.027)
(0.001 0.01 -0.027)
(0.002 0.01 -0.027)
(0.003 0.01 -0.027)
(0.004 0.01 -0.027)
(0.005 0.01 -0.027)
(0.006 0.01 -0.027)
(0.007 0.01 -0.027)
(0.008 0.01 -0.027)
(0.009 0.01 -0.027)
(0.01 0.01 -0.027)
(0.011 0.01 -0.027)
(0.012 0.01 -0.027)
(0.013 0.01 -0.027)
(0.014 0.01 -0.027)
(0.015 0.01 -0.027)
(0.016 0.01 -0.027)
(0.017 0.01 -0.027)
(0.018 0.01 -0.027)
(0.019 0.01 -0.027)
(0.02 0.01 -0.027)
(0.021 0.01 -0.027)
(0.022 0.01 -0.027)
(0.023 0.01 -0.027)
(0.024 0.01 -0.027)
(0.025 0.01 -0.027)
(0.026 0.01 -0.027)
(0 0.012 -0.027)
(0.001 0.012 -0.027)
(0.002 0.012 -0.027)
(0.003 0.012 -0.027)
(0.004 0.012 -0.027)
(0.005 0.012 -0.027)
(0.006 0.012 -0.027)
(0.007 0.012 -0.027)
(0.008 0.012 -0.027)
(0.009 0.012 -0.027)
(0.01 0.012 -0.027)
(0.011 0.012 -0.027)
(0.012 0.012 -0.027)
(0.013 0.012 -0.027)
(0.014 0.012 -0.027)
(0.015 0.012 -0.027)
(0.016 0.012 -0.027)
(0.017 0.012 -0.027)
(0.018 0.012 -0.027)
(0.019 0.012 -0.027)
(0.02 0.012 -0.027)
(0.021 0.012 -0.027)
(0.022 0.012 -0.027)
(0.023 0.012 -0.027)
(0.024 0.012 -0.027)
(0.025 0.012 -0.027)
(0.026 0.012 -0.027)
(0 0.014 -0.027)
(0.001 0.014 -0.027)
(0.002 0.014 -0.027)
(0.003 0.014 -0.027)
(0.004 0.014 -0.027)
(0.005 0.014 -0.027)
(0.006 0.014 -0.027)
(0.007 0.014 -0.027)
(0.008 0.014 -0.027)
(0.009 0.014 -0.027)
(0.01 0.014 -0.027)
(0.011 0.014 -0.027)
(0.012 0.014 -0.027)
(0.013 0.014 -0.027)
(0.014 0.014 -0.027)
(0.015 0.014 -0.027)
(0.016 0.014 -0.027)
(0.017 0.014 -0.027)
(0.018 0.014 -0.027)
(0.019 0.014 -0.027)
(0.02 0.014 -0.027)
(0.021 0.014 -0.027)
(0.022 0.014 -0.027)
(0.023 0.014 -0.027)
(0.024 0.014 -0.027)
(0.025 0.014 -0.027)
(0.026 0.014 -0.027)
(0 0.016 -0.027)
(0.001 0.016 -0.027)
(0.002 0.016 -0.027)
(0.003 0.016 -0.027)
(0.004 0.016 -0.027)
(0.005 0.016 -0.027)
(0.006 0.016 -0.027)
(0.007 0.016 -0.027)
(0.008 0.016 -0.027)
(0.009 0.016 -0.027)
(0.01 0.016 -0.027)
(0.011 0.016 -0.027)
(0.012 0.016 -0.027)
(0.013 0.016 -0.027)
(0.014 0.016 -0.027)
(0.015 0.016 -0.027)
(0.016 0.016 -0.027)
(0.017 0.016 -0.027)
(0.018 0.016 -0.027)
(0.019 0.016 -0.027)
(0.02 0.016 -0.027)
(0.021 0.016 -0.027)
(0.022 0.016 -0.027)
(0.023 0.016 -0.027)
(0.024 0.016 -0.027)
(0.025 0.016 -0.027)
(0.026 0.016 -0.027)
(0 0.018 -0.027)
(0.001 0.018 -0.027)
(0.002 0.018 -0.027)
(0.003 0.018 -0.027)
(0.004 0.018 -0.027)
(0.005 0.018 -0.027)
(0.006 0.018 -0.027)
(0.007 0.018 -0.027)
(0.008 0.018 -0.027)
(0.009 0.018 -0.027)
(0.01 0.018 -0.027)
(0.011 0.018 -0.027)
(0.012 0.018 -0.027)
(0.013 0.018 -0.027)
(0.014 0.018 -0.027)
(0.015 0.018 -0.027)
(0.016 0.018 -0.027)
(0.017 0.018 -0.027)
(0.018 0.018 -0.027)
(0.019 0.018 -0.027)
(0.02 0.018 -0.027)
(0.021 0.018 -0.027)
(0.022 0.018 -0.027)
(0.023 0.018 -0.027)
(0.024 0.018 -0.027)
(0.025 0.018 -0.027)
(0.026 0.018 -0.027)
(0 0.02 -0.027)
(0.001 0.02 -0.027)
(0.002 0.02 -0.027)
(0.003 0.02 -0.027)
(0.004 0.02 -0.027)
(0.005 0.02 -0.027)
(0.006 0.02 -0.027)
(0.007 0.02 -0.027)
(0.008 0.02 -0.027)
(0.009 0.02 -0.027)
(0.01 0.02 -0.027)
(0.011 0.02 -0.027)
(0.012 0.02 -0.027)
(0.013 0.02 -0.027)
(0.014 0.02 -0.027)
(0.015 0.02 -0.027)
(0.016 0.02 -0.027)
(0.017 0.02 -0.027)
(0.018 0.02 -0.027)
(0.019 0.02 -0.027)
(0.02 0.02 -0.027)
(0.021 0.02 -0.027)
(0.022 0.02 -0.027)
(0.023 0.02 -0.027)
(0.024 0.02 -0.027)
(0.025 0.02 -0.027)
(0.026 0.02 -0.027)
(0 0.022 -0.027)
(0.001 0.022 -0.027)
(0.002 0.022 -0.027)
(0.003 0.022 -0.027)
(0.004 0.022 -0.027)
(0.005 0.022 -0.027)
(0.006 0.022 -0.027)
(0.007 0.022 -0.027)
(0.008 0.022 -0.027)
(0.009 0.022 -0.027)
(0.01 0.022 -0.027)
(0.011 0.022 -0.027)
(0.012 0.022 -0.027)
(0.013 0.022 -0.027)
(0.014 0.022 -0.027)
(0.015 0.022 -0.027)
(0.016 0.022 -0.027)
(0.017 0.022 -0.027)
(0.018 0.022 -0.027)
(0.019 0.022 -0.027)
(0.02 0.022 -0.027)
(0.021 0.022 -0.027)
(0.022 0.022 -0.027)
(0.023 0.022 -0.027)
(0.024 0.022 -0.027)
(0.025 0.022 -0.027)
(0.026 0.022 -0.027)
(0 0.024 -0.027)
(0.001 0.024 -0.027)
(0.002 0.024 -0.027)
(0.003 0.024 -0.027)
(0.004 0.024 -0.027)
(0.005 0.024 -0.027)
(0.006 0.024 -0.027)
(0.007 0.024 -0.027)
(0.008 0.024 -0.027)
(0.009 0.024 -0.027)
(0.01 0.024 -0.027)
(0.011 0.024 -0.027)
(0.012 0.024 -0.027)
(0.013 0.024 -0.027)
(0.014 0.024 -0.027)
(0.015 0.024 -0.027)
(0.016 0.024 -0.027)
(0.017 0.024 -0.027)
(0.018 0.024 -0.027)
(0.019 0.024 -0.027)
(0.02 0.024 -0.027)
(0.021 0.024 -0.027)
(0.022 0.024 -0.027)
(0.023 0.024 -0.027)
(0.024 0.024 -0.027)
(0.025 0.024 -0.027)
(0.026 0.024 -0.027)
(0 0.026 -0.027)
(0.001 0.026 -0.027)
(0.002 0.026 -0.027)
(0.003 0.026 -0.027)
(0.004 0.026 -0.027)
(0.005 0.026 -0.027)
(0.006 0.026 -0.027)
(0.007 0.026 -0.027)
(0.008 0.026 -0.027)
(0.009 0.026 -0.027)
(0.01 0.026 -0.027)
(0.011 0.026 -0.027)
(0.012 0.026 -0.027)
(0.013 0.026 -0.027)
(0.014 0.026 -0.027)
(0.015 0.026 -0.027)
(0.016 0.026 -0.027)
(0.017 0.026 -0.027)
(0.018 0.026 -0.027)
(0.019 0.026 -0.027)
(0.02 0.026 -0.027)
(0.021 0.026 -0.027)
(0.022 0.026 -0.027)
(0.023 0.026 -0.027)
(0.024 0.026 -0.027)
(0.025 0.026 -0.027)
(0.026 0.026 -0.027)
(0 0.028 -0.027)
(0.001 0.028 -0.027)
(0.002 0.028 -0.027)
(0.003 0.028 -0.027)
(0.004 0.028 -0.027)
(0.005 0.028 -0.027)
(0.006 0.028 -0.027)
(0.007 0.028 -0.027)
(0.008 0.028 -0.027)
(0.009 0.028 -0.027)
(0.01 0.028 -0.027)
(0.011 0.028 -0.027)
(0.012 0.028 -0.027)
(0.013 0.028 -0.027)
(0.014 0.028 -0.027)
(0.015 0.028 -0.027)
(0.016 0.028 -0.027)
(0.017 0.028 -0.027)
(0.018 0.028 -0.027)
(0.019 0.028 -0.027)
(0.02 0.028 -0.027)
(0.021 0.028 -0.027)
(0.022 0.028 -0.027)
(0.023 0.028 -0.027)
(0.024 0.028 -0.027)
(0.025 0.028 -0.027)
(0.026 0.028 -0.027)
(0 0.03 -0.027)
(0.001 0.03 -0.027)
(0.002 0.03 -0.027)
(0.003 0.03 -0.027)
(0.004 0.03 -0.027)
(0.005 0.03 -0.027)
(0.006 0.03 -0.027)
(0.007 0.03 -0.027)
(0.008 0.03 -0.027)
(0.009 0.03 -0.027)
(0.01 0.03 -0.027)
(0.011 0.03 -0.027)
(0.012 0.03 -0.027)
(0.013 0.03 -0.027)
(0.014 0.03 -0.027)
(0.015 0.03 -0.027)
(0.016 0.03 -0.027)
(0.017 0.03 -0.027)
(0.018 0.03 -0.027)
(0.019 0.03 -0.027)
(0.02 0.03 -0.027)
(0.021 0.03 -0.027)
(0.022 0.03 -0.027)
(0.023 0.03 -0.027)
(0.024 0.03 -0.027)
(0.025 0.03 -0.027)
(0.026 0.03 -0.027)
(0 -0.03 -0.026)
(0.001 -0.03 -0.026)
(0.002 -0.03 -0.026)
(0.003 -0.03 -0.026)
(0.004 -0.03 -0.026)
(0.005 -0.03 -0.026)
(0.006 -0.03 -0.026)
(0.007 -0.03 -0.026)
(0.008 -0.03 -0.026)
(0.009 -0.03 -0.026)
(0.01 -0.03 -0.026)
(0.011 -0.03 -0.026)
(0.012 -0.03 -0.026)
(0.013 -0.03 -0.026)
(0.014 -0.03 -0.026)
(0.015 -0.03 -0.026)
(0.016 -0.03 -0.026)
(0.017 -0.03 -0.026)
(0.018 -0.03 -0.026)
(0.019 -0.03 -0.026)
(0.02 -0.03 -0.026)
(0.021 -0.03 -0.026)
(0.022 -0.03 -0.026)
(0.023 -0.03 -0.026)
(0.024 -0.03 -0.026)
(0.025 -0.03 -0.026)
(0.026 -0.03 -0.026)
(0 -0.028 -0.026)
(0.001 -0.028 -0.026)
(0.002 -0.028 -0.026)
(0.003 -0.028 -0.026)
(0.004 -0.028 -0.026)
(0.005 -0.028 -0.026)
(0.006 -0.028 -0.026)
(0.007 -0.028 -0.026)
(0.008 -0.028 -0.026)
(0.009 -0.028 -0.026)
(0.01 -0.028 -0.026)
(0.011 -0.028 -0.026)
(0.012 -0.028 -0.026)
(0.013 -0.028 -0.026)
(0.014 -0.028 -0.026)
(0.015 -0.028 -0.026)
(0.016 -0.028 -0.026)
(0.017 -0.028 -0.026)
(0.018 -0.028 -0.026)
(0.019 -0.028 -0.026)
(0.02 -0.028 -0.026)
(0.021 -0.028 -0.026)
(0.022 -0.028 -0.026)
(0.023 -0.028 -0.026)
(0.024 -0.028 -0.026)
(0.025 -0.028 -0.026)
(0.026 -0.028 -0.026)
(0 -0.026 -0.026)
(0.001 -0.026 -0.026)
(0.002 -0.026 -0.026)
(0.003 -0.026 -0.026)
(0.004 -0.026 -0.026)
(0.005 -0.026 -0.026)
(0.006 -0.026 -0.026)
(0.007 -0.026 -0.026)
(0.008 -0.026 -0.026)
(0.009 -0.026 -0.026)
(0.01 -0.026 -0.026)
(0.011 -0.026 -0.026)
(0.012 -0.026 -0.026)
(0.013 -0.026 -0.026)
(0.014 -0.026 -0.026)
(0.015 -0.026 -0.026)
(0.016 -0.026 -0.026)
(0.017 -0.026 -0.026)
(0.018 -0.026 -0.026)
(0.019 -0.026 -0.026)
(0.02 -0.026 -0.026)
(0.021 -0.026 -0.026)
(0.022 -0.026 -0.026)
(0.023 -0.026 -0.026)
(0.024 -0.026 -0.026)
(0.025 -0.026 -0.026)
(0.026 -0.026 -0.026)
(0 -0.024 -0.026)
(0.001 -0.024 -0.026)
(0.002 -0.024 -0.026)
(0.003 -0.024 -0.026)
(0.004 -0.024 -0.026)
(0.005 -0.024 -0.026)
(0.006 -0.024 -0.026)
(0.007 -0.024 -0.026)
(0.008 -0.024 -0.026)
(0.009 -0.024 -0.026)
(0.01 -0.024 -0.026)
(0.011 -0.024 -0.026)
(0.012 -0.024 -0.026)
(0.013 -0.024 -0.026)
(0.014 -0.024 -0.026)
(0.015 -0.024 -0.026)
(0.016 -0.024 -0.026)
(0.017 -0.024 -0.026)
(0.018 -0.024 -0.026)
(0.019 -0.024 -0.026)
(0.02 -0.024 -0.026)
(0.021 -0.024 -0.026)
(0.022 -0.024 -0.026)
(0.023 -0.024 -0.026)
(0.024 -0.024 -0.026)
(0.025 -0.024 -0.026)
(0.026 -0.024 -0.026)
(0 -0.022 -0.026)
(0.001 -0.022 -0.026)
(0.002 -0.022 -0.026)
(0.003 -0.022 -0.026)
(0.004 -0.022 -0.026)
(0.005 -0.022 -0.026)
(0.006 -0.022 -0.026)
(0.007 -0.022 -0.026)
(0.008 -0.022 -0.026)
(0.009 -0.022 -0.026)
(0.01 -0.022 -0.026)
(0.011 -0.022 -0.026)
(0.012 -0.022 -0.026)
(0.013 -0.022 -0.026)
(0.014 -0.022 -0.026)
(0.015 -0.022 -0.026)
(0.016 -0.022 -0.026)
(0.017 -0.022 -0.026)
(0.018 -0.022 -0.026)
(0.019 -0.022 -0.026)
(0.02 -0.022 -0.026)
(0.021 -0.022 -0.026)
(0.022 -0.022 -0.026)
(0.023 -0.022 -0.026)
(0.024 -0.022 -0.026)
(0.025 -0.022 -0.026)
(0.026 -0.022 -0.026)
(0 -0.02 -0.026)
(0.001 -0.02 -0.026)
(0.002 -0.02 -0.026)
(0.003 -0.02 -0.026)
(0.004 -0.02 -0.026)
(0.005 -0.02 -0.026)
(0.006 -0.02 -0.026)
(0.007 -0.02 -0.026)
(0.008 -0.02 -0.026)
(0.009 -0.02 -0.026)
(0.01 -0.02 -0.026)
(0.011 -0.02 -0.026)
(0.012 -0.02 -0.026)
(0.013 -0.02 -0.026)
(0.014 -0.02 -0.026)
(0.015 -0.02 -0.026)
(0.016 -0.02 -0.026)
(0.017 -0.02 -0.026)
(0.018 -0.02 -0.026)
(0.019 -0.02 -0.026)
(0.02 -0.02 -0.026)
(0.021 -0.02 -0.026)
(0.022 -0.02 -0.026)
(0.023 -0.02 -0.026)
(0.024 -0.02 -0.026)
(0.025 -0.02 -0.026)
(0.026 -0.02 -0.026)
(0 -0.018 -0.026)
(0.001 -0.018 -0.026)
(0.002 -0.018 -0.026)
(0.003 -0.018 -0.026)
(0.004 -0.018 -0.026)
(0.005 -0.018 -0.026)
(0.006 -0.018 -0.026)
(0.007 -0.018 -0.026)
(0.008 -0.018 -0.026)
(0.009 -0.018 -0.026)
(0.01 -0.018 -0.026)
(0.011 -0.018 -0.026)
(0.012 -0.018 -0.026)
(0.013 -0.018 -0.026)
(0.014 -0.018 -0.026)
(0.015 -0.018 -0.026)
(0.016 -0.018 -0.026)
(0.017 -0.018 -0.026)
(0.018 -0.018 -0.026)
(0.019 -0.018 -0.026)
(0.02 -0.018 -0.026)
(0.021 -0.018 -0.026)
(0.022 -0.018 -0.026)
(0.023 -0.018 -0.026)
(0.024 -0.018 -0.026)
(0.025 -0.018 -0.026)
(0.026 -0.018 -0.026)
(0 -0.016 -0.026)
(0.001 -0.016 -0.026)
(0.002 -0.016 -0.026)
(0.003 -0.016 -0.026)
(0.004 -0.016 -0.026)
(0.005 -0.016 -0.026)
(0.006 -0.016 -0.026)
(0.007 -0.016 -0.026)
(0.008 -0.016 -0.026)
(0.009 -0.016 -0.026)
(0.01 -0.016 -0.026)
(0.011 -0.016 -0.026)
(0.012 -0.016 -0.026)
(0.013 -0.016 -0.026)
(0.014 -0.016 -0.026)
(0.015 -0.016 -0.026)
(0.016 -0.016 -0.026)
(0.017 -0.016 -0.026)
(0.018 -0.016 -0.026)
(0.019 -0.016 -0.026)
(0.02 -0.016 -0.026)
(0.021 -0.016 -0.026)
(0.022 -0.016 -0.026)
(0.023 -0.016 -0.026)
(0.024 -0.016 -0.026)
(0.025 -0.016 -0.026)
(0.026 -0.016 -0.026)
(0 -0.014 -0.026)
(0.001 -0.014 -0.026)
(0.002 -0.014 -0.026)
(0.003 -0.014 -0.026)
(0.004 -0.014 -0.026)
(0.005 -0.014 -0.026)
(0.006 -0.014 -0.026)
(0.007 -0.014 -0.026)
(0.008 -0.014 -0.026)
(0.009 -0.014 -0.026)
(0.01 -0.014 -0.026)
(0.011 -0.014 -0.026)
(0.012 -0.014 -0.026)
(0.013 -0.014 -0.026)
(0.014 -0.014 -0.026)
(0.015 -0.014 -0.026)
(0.016 -0.014 -0.026)
(0.017 -0.014 -0.026)
(0.018 -0.014 -0.026)
(0.019 -0.014 -0.026)
(0.02 -0.014 -0.026)
(0.021 -0.014 -0.026)
(0.022 -0.014 -0.026)
(0.023 -0.014 -0.026)
(0.024 -0.014 -0.026)
(0.025 -0.014 -0.026)
(0.026 -0.014 -0.026)
(0 -0.012 -0.026)
(0.001 -0.012 -0.026)
(0.002 -0.012 -0.026)
(0.003 -0.012 -0.026)
(0.004 -0.012 -0.026)
(0.005 -0.012 -0.026)
(0.006 -0.012 -0.026)
(0.007 -0.012 -0.026)
(0.008 -0.012 -0.026)
(0.009 -0.012 -0.026)
(0.01 -0.012 -0.026)
(0.011 -0.012 -0.026)
(0.012 -0.012 -0.026)
(0.013 -0.012 -0.026)
(0.014 -0.012 -0.026)
(0.015 -0.012 -0.026)
(0.016 -0.012 -0.026)
(0.017 -0.012 -0.026)
(0.018 -0.012 -0.026)
(0.019 -0.012 -0.026)
(0.02 -0.012 -0.026)
(0.021 -0.012 -0.026)
(0.022 -0.012 -0.026)
(0.023 -0.012 -0.026)
(0.024 -0.012 -0.026)
(0.025 -0.012 -0.026)
(0.026 -0.012 -0.026)
(0 -0.01 -0.026)
(0.001 -0.01 -0.026)
(0.002 -0.01 -0.026)
(0.003 -0.01 -0.026)
(0.004 -0.01 -0.026)
(0.005 -0.01 -0.026)
(0.006 -0.01 -0.026)
(0.007 -0.01 -0.026)
(0.008 -0.01 -0.026)
(0.009 -0.01 -0.026)
(0.01 -0.01 -0.026)
(0.011 -0.01 -0.026)
(0.012 -0.01 -0.026)
(0.013 -0.01 -0.026)
(0.014 -0.01 -0.026)
(0.015 -0.01 -0.026)
(0.016 -0.01 -0.026)
(0.017 -0.01 -0.026)
(0.018 -0.01 -0.026)
(0.019 -0.01 -0.026)
(0.02 -0.01 -0.026)
(0.021 -0.01 -0.026)
(0.022 -0.01 -0.026)
(0.023 -0.01 -0.026)
(0.024 -0.01 -0.026)
(0.025 -0.01 -0.026)
(0.026 -0.01 -0.026)
(0 -0.008 -0.026)
(0.001 -0.008 -0.026)
(0.002 -0.008 -0.026)
(0.003 -0.008 -0.026)
(0.004 -0.008 -0.026)
(0.005 -0.008 -0.026)
(0.006 -0.008 -0.026)
(0.007 -0.008 -0.026)
(0.008 -0.008 -0.026)
(0.009 -0.008 -0.026)
(0.01 -0.008 -0.026)
(0.011 -0.008 -0.026)
(0.012 -0.008 -0.026)
(0.013 -0.008 -0.026)
(0.014 -0.008 -0.026)
(0.015 -0.008 -0.026)
(0.016 -0.008 -0.026)
(0.017 -0.008 -0.026)
(0.018 -0.008 -0.026)
(0.019 -0.008 -0.026)
(0.02 -0.008 -0.026)
(0.021 -0.008 -0.026)
(0.022 -0.008 -0.026)
(0.023 -0.008 -0.026)
(0.024 -0.008 -0.026)
(0.025 -0.008 -0.026)
(0.026 -0.008 -0.026)
(0 -0.006 -0.026)
(0.001 -0.006 -0.026)
(0.002 -0.006 -0.026)
(0.003 -0.006 -0.026)
(0.004 -0.006 -0.026)
(0.005 -0.006 -0.026)
(0.006 -0.006 -0.026)
(0.007 -0.006 -0.026)
(0.008 -0.006 -0.026)
(0.009 -0.006 -0.026)
(0.01 -0.006 -0.026)
(0.011 -0.006 -0.026)
(0.012 -0.006 -0.026)
(0.013 -0.006 -0.026)
(0.014 -0.006 -0.026)
(0.015 -0.006 -0.026)
(0.016 -0.006 -0.026)
(0.017 -0.006 -0.026)
(0.018 -0.006 -0.026)
(0.019 -0.006 -0.026)
(0.02 -0.006 -0.026)
(0.021 -0.006 -0.026)
(0.022 -0.006 -0.026)
(0.023 -0.006 -0.026)
(0.024 -0.006 -0.026)
(0.025 -0.006 -0.026)
(0.026 -0.006 -0.026)
(0 -0.004 -0.026)
(0.001 -0.004 -0.026)
(0.002 -0.004 -0.026)
(0.003 -0.004 -0.026)
(0.004 -0.004 -0.026)
(0.005 -0.004 -0.026)
(0.006 -0.004 -0.026)
(0.007 -0.004 -0.026)
(0.008 -0.004 -0.026)
(0.009 -0.004 -0.026)
(0.01 -0.004 -0.026)
(0.011 -0.004 -0.026)
(0.012 -0.004 -0.026)
(0.013 -0.004 -0.026)
(0.014 -0.004 -0.026)
(0.015 -0.004 -0.026)
(0.016 -0.004 -0.026)
(0.017 -0.004 -0.026)
(0.018 -0.004 -0.026)
(0.019 -0.004 -0.026)
(0.02 -0.004 -0.026)
(0.021 -0.004 -0.026)
(0.022 -0.004 -0.026)
(0.023 -0.004 -0.026)
(0.024 -0.004 -0.026)
(0.025 -0.004 -0.026)
(0.026 -0.004 -0.026)
(0 -0.002 -0.026)
(0.001 -0.002 -0.026)
(0.002 -0.002 -0.026)
(0.003 -0.002 -0.026)
(0.004 -0.002 -0.026)
(0.005 -0.002 -0.026)
(0.006 -0.002 -0.026)
(0.007 -0.002 -0.026)
(0.008 -0.002 -0.026)
(0.009 -0.002 -0.026)
(0.01 -0.002 -0.026)
(0.011 -0.002 -0.026)
(0.012 -0.002 -0.026)
(0.013 -0.002 -0.026)
(0.014 -0.002 -0.026)
(0.015 -0.002 -0.026)
(0.016 -0.002 -0.026)
(0.017 -0.002 -0.026)
(0.018 -0.002 -0.026)
(0.019 -0.002 -0.026)
(0.02 -0.002 -0.026)
(0.021 -0.002 -0.026)
(0.022 -0.002 -0.026)
(0.023 -0.002 -0.026)
(0.024 -0.002 -0.026)
(0.025 -0.002 -0.026)
(0.026 -0.002 -0.026)
(0 0 -0.026)
(0.001 0 -0.026)
(0.002 5.7824116e-19 -0.026)
(0.003 0 -0.026)
(0.004 0 -0.026)
(0.005 0 -0.026)
(0.006 0 -0.026)
(0.007 0 -0.026)
(0.008 0 -0.026)
(0.009 0 -0.026)
(0.01 0 -0.026)
(0.011 0 -0.026)
(0.012 0 -0.026)
(0.013 -5.7824116e-19 -0.026)
(0.014 0 -0.026)
(0.015 0 -0.026)
(0.016 2.8912058e-19 -0.026)
(0.017 -2.8912058e-19 -0.026)
(0.018 0 -0.026)
(0.019 2.8912058e-19 -0.026)
(0.02 -2.8912058e-19 -0.026)
(0.021 0 -0.026)
(0.022 2.8912058e-19 -0.026)
(0.023 -1.4456029e-19 -0.026)
(0.024 1.4456029e-19 -0.026)
(0.025 1.4456029e-19 -0.026)
(0.026 -1.4456029e-19 -0.026)
(0 0.002 -0.026)
(0.001 0.002 -0.026)
(0.002 0.002 -0.026)
(0.003 0.002 -0.026)
(0.004 0.002 -0.026)
(0.005 0.002 -0.026)
(0.006 0.002 -0.026)
(0.007 0.002 -0.026)
(0.008 0.002 -0.026)
(0.009 0.002 -0.026)
(0.01 0.002 -0.026)
(0.011 0.002 -0.026)
(0.012 0.002 -0.026)
(0.013 0.002 -0.026)
(0.014 0.002 -0.026)
(0.015 0.002 -0.026)
(0.016 0.002 -0.026)
(0.017 0.002 -0.026)
(0.018 0.002 -0.026)
(0.019 0.002 -0.026)
(0.02 0.002 -0.026)
(0.021 0.002 -0.026)
(0.022 0.002 -0.026)
(0.023 0.002 -0.026)
(0.024 0.002 -0.026)
(0.025 0.002 -0.026)
(0.026 0.002 -0.026)
(0 0.004 -0.026)
(0.001 0.004 -0.026)
(0.002 0.004 -0.026)
(0.003 0.004 -0.026)
(0.004 0.004 -0.026)
(0.005 0.004 -0.026)
(0.006 0.004 -0.026)
(0.007 0.004 -0.026)
(0.008 0.004 -0.026)
(0.009 0.004 -0.026)
(0.01 0.004 -0.026)
(0.011 0.004 -0.026)
(0.012 0.004 -0.026)
(0.013 0.004 -0.026)
(0.014 0.004 -0.026)
(0.015 0.004 -0.026)
(0.016 0.004 -0.026)
(0.017 0.004 -0.026)
(0.018 0.004 -0.026)
(0.019 0.004 -0.026)
(0.02 0.004 -0.026)
(0.021 0.004 -0.026)
(0.022 0.004 -0.026)
(0.023 0.004 -0.026)
(0.024 0.004 -0.026)
(0.025 0.004 -0.026)
(0.026 0.004 -0.026)
(0 0.006 -0.026)
(0.001 0.006 -0.026)
(0.002 0.006 -0.026)
(0.003 0.006 -0.026)
(0.004 0.006 -0.026)
(0.005 0.006 -0.026)
(0.006 0.006 -0.026)
(0.007 0.006 -0.026)
(0.008 0.006 -0.026)
(0.009 0.006 -0.026)
(0.01 0.006 -0.026)
(0.011 0.006 -0.026)
(0.012 0.006 -0.026)
(0.013 0.006 -0.026)
(0.014 0.006 -0.026)
(0.015 0.006 -0.026)
(0.016 0.006 -0.026)
(0.017 0.006 -0.026)
(0.018 0.006 -0.026)
(0.019 0.006 -0.026)
(0.02 0.006 -0.026)
(0.021 0.006 -0.026)
(0.022 0.006 -0.026)
(0.023 0.006 -0.026)
(0.024 0.006 -0.026)
(0.025 0.006 -0.026)
(0.026 0.006 -0.026)
(0 0.008 -0.026)
(0.001 0.008 -0.026)
(0.002 0.008 -0.026)
(0.003 0.008 -0.026)
(0.004 0.008 -0.026)
(0.005 0.008 -0.026)
(0.006 0.008 -0.026)
(0.007 0.008 -0.026)
(0.008 0.008 -0.026)
(0.009 0.008 -0.026)
(0.01 0.008 -0.026)
(0.011 0.008 -0.026)
(0.012 0.008 -0.026)
(0.013 0.008 -0.026)
(0.014 0.008 -0.026)
(0.015 0.008 -0.026)
(0.016 0.008 -0.026)
(0.017 0.008 -0.026)
(0.018 0.008 -0.026)
(0.019 0.008 -0.026)
(0.02 0.008 -0.026)
(0.021 0.008 -0.026)
(0.022 0.008 -0.026)
(0.023 0.008 -0.026)
(0.024 0.008 -0.026)
(0.025 0.008 -0.026)
(0.026 0.008 -0.026)
(0 0.01 -0.026)
(0.001 0.01 -0.026)
(0.002 0.01 -0.026)
(0.003 0.01 -0.026)
(0.004 0.01 -0.026)
(0.005 0.01 -0.026)
(0.006 0.01 -0.026)
(0.007 0.01 -0.026)
(0.008 0.01 -0.026)
(0.009 0.01 -0.026)
(0.01 0.01 -0.026)
(0.011 0.01 -0.026)
(0.012 0.01 -0.026)
(0.013 0.01 -0.026)
(0.014 0.01 -0.026)
(0.015 0.01 -0.026)
(0.016 0.01 -0.026)
(0.017 0.01 -0.026)
(0.018 0.01 -0.026)
(0.019 0.01 -0.026)
(0.02 0.01 -0.026)
(0.021 0.01 -0.026)
(0.022 0.01 -0.026)
(0.023 0.01 -0.026)
(0.024 0.01 -0.026)
(0.025 0.01 -0.026)
(0.026 0.01 -0.026)
(0 0.012 -0.026)
(0.001 0.012 -0.026)
(0.002 0.012 -0.026)
(0.003 0.012 -0.026)
(0.004 0.012 -0.026)
(0.005 0.012 -0.026)
(0.006 0.012 -0.026)
(0.007 0.012 -0.026)
(0.008 0.012 -0.026)
(0.009 0.012 -0.026)
(0.01 0.012 -0.026)
(0.011 0.012 -0.026)
(0.012 0.012 -0.026)
(0.013 0.012 -0.026)
(0.014 0.012 -0.026)
(0.015 0.012 -0.026)
(0.016 0.012 -0.026)
(0.017 0.012 -0.026)
(0.018 0.012 -0.026)
(0.019 0.012 -0.026)
(0.02 0.012 -0.026)
(0.021 0.012 -0.026)
(0.022 0.012 -0.026)
(0.023 0.012 -0.026)
(0.024 0.012 -0.026)
(0.025 0.012 -0.026)
(0.026 0.012 -0.026)
(0 0.014 -0.026)
(0.001 0.014 -0.026)
(0.002 0.014 -0.026)
(0.003 0.014 -0.026)
(0.004 0.014 -0.026)
(0.005 0.014 -0.026)
(0.006 0.014 -0.026)
(0.007 0.014 -0.026)
(0.008 0.014 -0.026)
(0.009 0.014 -0.026)
(0.01 0.014 -0.026)
(0.011 0.014 -0.026)
(0.012 0.014 -0.026)
(0.013 0.014 -0.026)
(0.014 0.014 -0.026)
(0.015 0.014 -0.026)
(0.016 0.014 -0.026)
(0.017 0.014 -0.026)
(0.018 0.014 -0.026)
(0.019 0.014 -0.026)
(0.02 0.014 -0.026)
(0.021 0.014 -0.026)
(0.022 0.014 -0.026)
(0.023 0.014 -0.026)
(0.024 0.014 -0.026)
(0.025 0.014 -0.026)
(0.026 0.014 -0.026)
(0 0.016 -0.026)
(0.001 0.016 -0.026)
(0.002 0.016 -0.026)
(0.003 0.016 -0.026)
(0.004 0.016 -0.026)
(0.005 0.016 -0.026)
(0.006 0.016 -0.026)
(0.007 0.016 -0.026)
(0.008 0.016 -0.026)
(0.009 0.016 -0.026)
(0.01 0.016 -0.026)
(0.011 0.016 -0.026)
(0.012 0.016 -0.026)
(0.013 0.016 -0.026)
(0.014 0.016 -0.026)
(0.015 0.016 -0.026)
(0.016 0.016 -0.026)
(0.017 0.016 -0.026)
(0.018 0.016 -0.026)
(0.019 0.016 -0.026)
(0.02 0.016 -0.026)
(0.021 0.016 -0.026)
(0.022 0.016 -0.026)
(0.023 0.016 -0.026)
(0.024 0.016 -0.026)
(0.025 0.016 -0.026)
(0.026 0.016 -0.026)
(0 0.018 -0.026)
(0.001 0.018 -0.026)
(0.002 0.018 -0.026)
(0.003 0.018 -0.026)
(0.004 0.018 -0.026)
(0.005 0.018 -0.026)
(0.006 0.018 -0.026)
(0.007 0.018 -0.026)
(0.008 0.018 -0.026)
(0.009 0.018 -0.026)
(0.01 0.018 -0.026)
(0.011 0.018 -0.026)
(0.012 0.018 -0.026)
(0.013 0.018 -0.026)
(0.014 0.018 -0.026)
(0.015 0.018 -0.026)
(0.016 0.018 -0.026)
(0.017 0.018 -0.026)
(0.018 0.018 -0.026)
(0.019 0.018 -0.026)
(0.02 0.018 -0.026)
(0.021 0.018 -0.026)
(0.022 0.018 -0.026)
(0.023 0.018 -0.026)
(0.024 0.018 -0.026)
(0.025 0.018 -0.026)
(0.026 0.018 -0.026)
(0 0.02 -0.026)
(0.001 0.02 -0.026)
(0.002 0.02 -0.026)
(0.003 0.02 -0.026)
(0.004 0.02 -0.026)
(0.005 0.02 -0.026)
(0.006 0.02 -0.026)
(0.007 0.02 -0.026)
(0.008 0.02 -0.026)
(0.009 0.02 -0.026)
(0.01 0.02 -0.026)
(0.011 0.02 -0.026)
(0.012 0.02 -0.026)
(0.013 0.02 -0.026)
(0.014 0.02 -0.026)
(0.015 0.02 -0.026)
(0.016 0.02 -0.026)
(0.017 0.02 -0.026)
(0.018 0.02 -0.026)
(0.019 0.02 -0.026)
(0.02 0.02 -0.026)
(0.021 0.02 -0.026)
(0.022 0.02 -0.026)
(0.023 0.02 -0.026)
(0.024 0.02 -0.026)
(0.025 0.02 -0.026)
(0.026 0.02 -0.026)
(0 0.022 -0.026)
(0.001 0.022 -0.026)
(0.002 0.022 -0.026)
(0.003 0.022 -0.026)
(0.004 0.022 -0.026)
(0.005 0.022 -0.026)
(0.006 0.022 -0.026)
(0.007 0.022 -0.026)
(0.008 0.022 -0.026)
(0.009 0.022 -0.026)
(0.01 0.022 -0.026)
(0.011 0.022 -0.026)
(0.012 0.022 -0.026)
(0.013 0.022 -0.026)
(0.014 0.022 -0.026)
(0.015 0.022 -0.026)
(0.016 0.022 -0.026)
(0.017 0.022 -0.026)
(0.018 0.022 -0.026)
(0.019 0.022 -0.026)
(0.02 0.022 -0.026)
(0.021 0.022 -0.026)
(0.022 0.022 -0.026)
(0.023 0.022 -0.026)
(0.024 0.022 -0.026)
(0.025 0.022 -0.026)
(0.026 0.022 -0.026)
(0 0.024 -0.026)
(0.001 0.024 -0.026)
(0.002 0.024 -0.026)
(0.003 0.024 -0.026)
(0.004 0.024 -0.026)
(0.005 0.024 -0.026)
(0.006 0.024 -0.026)
(0.007 0.024 -0.026)
(0.008 0.024 -0.026)
(0.009 0.024 -0.026)
(0.01 0.024 -0.026)
(0.011 0.024 -0.026)
(0.012 0.024 -0.026)
(0.013 0.024 -0.026)
(0.014 0.024 -0.026)
(0.015 0.024 -0.026)
(0.016 0.024 -0.026)
(0.017 0.024 -0.026)
(0.018 0.024 -0.026)
(0.019 0.024 -0.026)
(0.02 0.024 -0.026)
(0.021 0.024 -0.026)
(0.022 0.024 -0.026)
(0.023 0.024 -0.026)
(0.024 0.024 -0.026)
(0.025 0.024 -0.026)
(0.026 0.024 -0.026)
(0 0.026 -0.026)
(0.001 0.026 -0.026)
(0.002 0.026 -0.026)
(0.003 0.026 -0.026)
(0.004 0.026 -0.026)
(0.005 0.026 -0.026)
(0.006 0.026 -0.026)
(0.007 0.026 -0.026)
(0.008 0.026 -0.026)
(0.009 0.026 -0.026)
(0.01 0.026 -0.026)
(0.011 0.026 -0.026)
(0.012 0.026 -0.026)
(0.013 0.026 -0.026)
(0.014 0.026 -0.026)
(0.015 0.026 -0.026)
(0.016 0.026 -0.026)
(0.017 0.026 -0.026)
(0.018 0.026 -0.026)
(0.019 0.026 -0.026)
(0.02 0.026 -0.026)
(0.021 0.026 -0.026)
(0.022 0.026 -0.026)
(0.023 0.026 -0.026)
(0.024 0.026 -0.026)
(0.025 0.026 -0.026)
(0.026 0.026 -0.026)
(0 0.028 -0.026)
(0.001 0.028 -0.026)
(0.002 0.028 -0.026)
(0.003 0.028 -0.026)
(0.004 0.028 -0.026)
(0.005 0.028 -0.026)
(0.006 0.028 -0.026)
(0.007 0.028 -0.026)
(0.008 0.028 -0.026)
(0.009 0.028 -0.026)
(0.01 0.028 -0.026)
(0.011 0.028 -0.026)
(0.012 0.028 -0.026)
(0.013 0.028 -0.026)
(0.014 0.028 -0.026)
(0.015 0.028 -0.026)
(0.016 0.028 -0.026)
(0.017 0.028 -0.026)
(0.018 0.028 -0.026)
(0.019 0.028 -0.026)
(0.02 0.028 -0.026)
(0.021 0.028 -0.026)
(0.022 0.028 -0.026)
(0.023 0.028 -0.026)
(0.024 0.028 -0.026)
(0.025 0.028 -0.026)
(0.026 0.028 -0.026)
(0 0.03 -0.026)
(0.001 0.03 -0.026)
(0.002 0.03 -0.026)
(0.003 0.03 -0.026)
(0.004 0.03 -0.026)
(0.005 0.03 -0.026)
(0.006 0.03 -0.026)
(0.007 0.03 -0.026)
(0.008 0.03 -0.026)
(0.009 0.03 -0.026)
(0.01 0.03 -0.026)
(0.011 0.03 -0.026)
(0.012 0.03 -0.026)
(0.013 0.03 -0.026)
(0.014 0.03 -0.026)
(0.015 0.03 -0.026)
(0.016 0.03 -0.026)
(0.017 0.03 -0.026)
(0.018 0.03 -0.026)
(0.019 0.03 -0.026)
(0.02 0.03 -0.026)
(0.021 0.03 -0.026)
(0.022 0.03 -0.026)
(0.023 0.03 -0.026)
(0.024 0.03 -0.026)
(0.025 0.03 -0.026)
(0.026 0.03 -0.026)
(0 -0.03 -0.025)
(0.001 -0.03 -0.025)
(0.002 -0.03 -0.025)
(0.003 -0.03 -0.025)
(0.004 -0.03 -0.025)
(0.005 -0.03 -0.025)
(0.006 -0.03 -0.025)
(0.007 -0.03 -0.025)
(0.008 -0.03 -0.025)
(0.009 -0.03 -0.025)
(0.01 -0.03 -0.025)
(0.011 -0.03 -0.025)
(0.012 -0.03 -0.025)
(0.013 -0.03 -0.025)
(0.014 -0.03 -0.025)
(0.015 -0.03 -0.025)
(0.016 -0.03 -0.025)
(0.017 -0.03 -0.025)
(0.018 -0.03 -0.025)
(0.019 -0.03 -0.025)
(0.02 -0.03 -0.025)
(0.021 -0.03 -0.025)
(0.022 -0.03 -0.025)
(0.023 -0.03 -0.025)
(0.024 -0.03 -0.025)
(0.025 -0.03 -0.025)
(0.026 -0.03 -0.025)
(0 -0.028 -0.025)
(0.001 -0.028 -0.025)
(0.002 -0.028 -0.025)
(0.003 -0.028 -0.025)
(0.004 -0.028 -0.025)
(0.005 -0.028 -0.025)
(0.006 -0.028 -0.025)
(0.007 -0.028 -0.025)
(0.008 -0.028 -0.025)
(0.009 -0.028 -0.025)
(0.01 -0.028 -0.025)
(0.011 -0.028 -0.025)
(0.012 -0.028 -0.025)
(0.013 -0.028 -0.025)
(0.014 -0.028 -0.025)
(0.015 -0.028 -0.025)
(0.016 -0.028 -0.025)
(0.017 -0.028 -0.025)
(0.018 -0.028 -0.025)
(0.019 -0.028 -0.025)
(0.02 -0.028 -0.025)
(0.021 -0.028 -0.025)
(0.022 -0.028 -0.025)
(0.023 -0.028 -0.025)
(0.024 -0.028 -0.025)
(0.025 -0.028 -0.025)
(0.026 -0.028 -0.025)
(0 -0.026 -0.025)
(0.001 -0.026 -0.025)
(0.002 -0.026 -0.025)
(0.003 -0.026 -0.025)
(0.004 -0.026 -0.025)
(0.005 -0.026 -0.025)
(0.006 -0.026 -0.025)
(0.007 -0.026 -0.025)
(0.008 -0.026 -0.025)
(0.009 -0.026 -0.025)
(0.01 -0.026 -0.025)
(0.011 -0.026 -0.025)
(0.012 -0.026 -0.025)
(0.013 -0.026 -0.025)
(0.014 -0.026 -0.025)
(0.015 -0.026 -0.025)
(0.016 -0.026 -0.025)
(0.017 -0.026 -0.025)
(0.018 -0.026 -0.025)
(0.019 -0.026 -0.025)
(0.02 -0.026 -0.025)
(0.021 -0.026 -0.025)
(0.022 -0.026 -0.025)
(0.023 -0.026 -0.025)
(0.024 -0.026 -0.025)
(0.025 -0.026 -0.025)
(0.026 -0.026 -0.025)
(0 -0.024 -0.025)
(0.001 -0.024 -0.025)
(0.002 -0.024 -0.025)
(0.003 -0.024 -0.025)
(0.004 -0.024 -0.025)
(0.005 -0.024 -0.025)
(0.006 -0.024 -0.025)
(0.007 -0.024 -0.025)
(0.008 -0.024 -0.025)
(0.009 -0.024 -0.025)
(0.01 -0.024 -0.025)
(0.011 -0.024 -0.025)
(0.012 -0.024 -0.025)
(0.013 -0.024 -0.025)
(0.014 -0.024 -0.025)
(0.015 -0.024 -0.025)
(0.016 -0.024 -0.025)
(0.017 -0.024 -0.025)
(0.018 -0.024 -0.025)
(0.019 -0.024 -0.025)
(0.02 -0.024 -0.025)
(0.021 -0.024 -0.025)
(0.022 -0.024 -0.025)
(0.023 -0.024 -0.025)
(0.024 -0.024 -0.025)
(0.025 -0.024 -0.025)
(0.026 -0.024 -0.025)
(0 -0.022 -0.025)
(0.001 -0.022 -0.025)
(0.002 -0.022 -0.025)
(0.003 -0.022 -0.025)
(0.004 -0.022 -0.025)
(0.005 -0.022 -0.025)
(0.006 -0.022 -0.025)
(0.007 -0.022 -0.025)
(0.008 -0.022 -0.025)
(0.009 -0.022 -0.025)
(0.01 -0.022 -0.025)
(0.011 -0.022 -0.025)
(0.012 -0.022 -0.025)
(0.013 -0.022 -0.025)
(0.014 -0.022 -0.025)
(0.015 -0.022 -0.025)
(0.016 -0.022 -0.025)
(0.017 -0.022 -0.025)
(0.018 -0.022 -0.025)
(0.019 -0.022 -0.025)
(0.02 -0.022 -0.025)
(0.021 -0.022 -0.025)
(0.022 -0.022 -0.025)
(0.023 -0.022 -0.025)
(0.024 -0.022 -0.025)
(0.025 -0.022 -0.025)
(0.026 -0.022 -0.025)
(0 -0.02 -0.025)
(0.001 -0.02 -0.025)
(0.002 -0.02 -0.025)
(0.003 -0.02 -0.025)
(0.004 -0.02 -0.025)
(0.005 -0.02 -0.025)
(0.006 -0.02 -0.025)
(0.007 -0.02 -0.025)
(0.008 -0.02 -0.025)
(0.009 -0.02 -0.025)
(0.01 -0.02 -0.025)
(0.011 -0.02 -0.025)
(0.012 -0.02 -0.025)
(0.013 -0.02 -0.025)
(0.014 -0.02 -0.025)
(0.015 -0.02 -0.025)
(0.016 -0.02 -0.025)
(0.017 -0.02 -0.025)
(0.018 -0.02 -0.025)
(0.019 -0.02 -0.025)
(0.02 -0.02 -0.025)
(0.021 -0.02 -0.025)
(0.022 -0.02 -0.025)
(0.023 -0.02 -0.025)
(0.024 -0.02 -0.025)
(0.025 -0.02 -0.025)
(0.026 -0.02 -0.025)
(0 -0.018 -0.025)
(0.001 -0.018 -0.025)
(0.002 -0.018 -0.025)
(0.003 -0.018 -0.025)
(0.004 -0.018 -0.025)
(0.005 -0.018 -0.025)
(0.006 -0.018 -0.025)
(0.007 -0.018 -0.025)
(0.008 -0.018 -0.025)
(0.009 -0.018 -0.025)
(0.01 -0.018 -0.025)
(0.011 -0.018 -0.025)
(0.012 -0.018 -0.025)
(0.013 -0.018 -0.025)
(0.014 -0.018 -0.025)
(0.015 -0.018 -0.025)
(0.016 -0.018 -0.025)
(0.017 -0.018 -0.025)
(0.018 -0.018 -0.025)
(0.019 -0.018 -0.025)
(0.02 -0.018 -0.025)
(0.021 -0.018 -0.025)
(0.022 -0.018 -0.025)
(0.023 -0.018 -0.025)
(0.024 -0.018 -0.025)
(0.025 -0.018 -0.025)
(0.026 -0.018 -0.025)
(0 -0.016 -0.025)
(0.001 -0.016 -0.025)
(0.002 -0.016 -0.025)
(0.003 -0.016 -0.025)
(0.004 -0.016 -0.025)
(0.005 -0.016 -0.025)
(0.006 -0.016 -0.025)
(0.007 -0.016 -0.025)
(0.008 -0.016 -0.025)
(0.009 -0.016 -0.025)
(0.01 -0.016 -0.025)
(0.011 -0.016 -0.025)
(0.012 -0.016 -0.025)
(0.013 -0.016 -0.025)
(0.014 -0.016 -0.025)
(0.015 -0.016 -0.025)
(0.016 -0.016 -0.025)
(0.017 -0.016 -0.025)
(0.018 -0.016 -0.025)
(0.019 -0.016 -0.025)
(0.02 -0.016 -0.025)
(0.021 -0.016 -0.025)
(0.022 -0.016 -0.025)
(0.023 -0.016 -0.025)
(0.024 -0.016 -0.025)
(0.025 -0.016 -0.025)
(0.026 -0.016 -0.025)
(0 -0.014 -0.025)
(0.001 -0.014 -0.025)
(0.002 -0.014 -0.025)
(0.003 -0.014 -0.025)
(0.004 -0.014 -0.025)
(0.005 -0.014 -0.025)
(0.006 -0.014 -0.025)
(0.007 -0.014 -0.025)
(0.008 -0.014 -0.025)
(0.009 -0.014 -0.025)
(0.01 -0.014 -0.025)
(0.011 -0.014 -0.025)
(0.012 -0.014 -0.025)
(0.013 -0.014 -0.025)
(0.014 -0.014 -0.025)
(0.015 -0.014 -0.025)
(0.016 -0.014 -0.025)
(0.017 -0.014 -0.025)
(0.018 -0.014 -0.025)
(0.019 -0.014 -0.025)
(0.02 -0.014 -0.025)
(0.021 -0.014 -0.025)
(0.022 -0.014 -0.025)
(0.023 -0.014 -0.025)
(0.024 -0.014 -0.025)
(0.025 -0.014 -0.025)
(0.026 -0.014 -0.025)
(0 -0.012 -0.025)
(0.001 -0.012 -0.025)
(0.002 -0.012 -0.025)
(0.003 -0.012 -0.025)
(0.004 -0.012 -0.025)
(0.005 -0.012 -0.025)
(0.006 -0.012 -0.025)
(0.007 -0.012 -0.025)
(0.008 -0.012 -0.025)
(0.009 -0.012 -0.025)
(0.01 -0.012 -0.025)
(0.011 -0.012 -0.025)
(0.012 -0.012 -0.025)
(0.013 -0.012 -0.025)
(0.014 -0.012 -0.025)
(0.015 -0.012 -0.025)
(0.016 -0.012 -0.025)
(0.017 -0.012 -0.025)
(0.018 -0.012 -0.025)
(0.019 -0.012 -0.025)
(0.02 -0.012 -0.025)
(0.021 -0.012 -0.025)
(0.022 -0.012 -0.025)
(0.023 -0.012 -0.025)
(0.024 -0.012 -0.025)
(0.025 -0.012 -0.025)
(0.026 -0.012 -0.025)
(0 -0.01 -0.025)
(0.001 -0.01 -0.025)
(0.002 -0.01 -0.025)
(0.003 -0.01 -0.025)
(0.004 -0.01 -0.025)
(0.005 -0.01 -0.025)
(0.006 -0.01 -0.025)
(0.007 -0.01 -0.025)
(0.008 -0.01 -0.025)
(0.009 -0.01 -0.025)
(0.01 -0.01 -0.025)
(0.011 -0.01 -0.025)
(0.012 -0.01 -0.025)
(0.013 -0.01 -0.025)
(0.014 -0.01 -0.025)
(0.015 -0.01 -0.025)
(0.016 -0.01 -0.025)
(0.017 -0.01 -0.025)
(0.018 -0.01 -0.025)
(0.019 -0.01 -0.025)
(0.02 -0.01 -0.025)
(0.021 -0.01 -0.025)
(0.022 -0.01 -0.025)
(0.023 -0.01 -0.025)
(0.024 -0.01 -0.025)
(0.025 -0.01 -0.025)
(0.026 -0.01 -0.025)
(0 -0.008 -0.025)
(0.001 -0.008 -0.025)
(0.002 -0.008 -0.025)
(0.003 -0.008 -0.025)
(0.004 -0.008 -0.025)
(0.005 -0.008 -0.025)
(0.006 -0.008 -0.025)
(0.007 -0.008 -0.025)
(0.008 -0.008 -0.025)
(0.009 -0.008 -0.025)
(0.01 -0.008 -0.025)
(0.011 -0.008 -0.025)
(0.012 -0.008 -0.025)
(0.013 -0.008 -0.025)
(0.014 -0.008 -0.025)
(0.015 -0.008 -0.025)
(0.016 -0.008 -0.025)
(0.017 -0.008 -0.025)
(0.018 -0.008 -0.025)
(0.019 -0.008 -0.025)
(0.02 -0.008 -0.025)
(0.021 -0.008 -0.025)
(0.022 -0.008 -0.025)
(0.023 -0.008 -0.025)
(0.024 -0.008 -0.025)
(0.025 -0.008 -0.025)
(0.026 -0.008 -0.025)
(0 -0.006 -0.025)
(0.001 -0.006 -0.025)
(0.002 -0.006 -0.025)
(0.003 -0.006 -0.025)
(0.004 -0.006 -0.025)
(0.005 -0.006 -0.025)
(0.006 -0.006 -0.025)
(0.007 -0.006 -0.025)
(0.008 -0.006 -0.025)
(0.009 -0.006 -0.025)
(0.01 -0.006 -0.025)
(0.011 -0.006 -0.025)
(0.012 -0.006 -0.025)
(0.013 -0.006 -0.025)
(0.014 -0.006 -0.025)
(0.015 -0.006 -0.025)
(0.016 -0.006 -0.025)
(0.017 -0.006 -0.025)
(0.018 -0.006 -0.025)
(0.019 -0.006 -0.025)
(0.02 -0.006 -0.025)
(0.021 -0.006 -0.025)
(0.022 -0.006 -0.025)
(0.023 -0.006 -0.025)
(0.024 -0.006 -0.025)
(0.025 -0.006 -0.025)
(0.026 -0.006 -0.025)
(0 -0.004 -0.025)
(0.001 -0.004 -0.025)
(0.002 -0.004 -0.025)
(0.003 -0.004 -0.025)
(0.004 -0.004 -0.025)
(0.005 -0.004 -0.025)
(0.006 -0.004 -0.025)
(0.007 -0.004 -0.025)
(0.008 -0.004 -0.025)
(0.009 -0.004 -0.025)
(0.01 -0.004 -0.025)
(0.011 -0.004 -0.025)
(0.012 -0.004 -0.025)
(0.013 -0.004 -0.025)
(0.014 -0.004 -0.025)
(0.015 -0.004 -0.025)
(0.016 -0.004 -0.025)
(0.017 -0.004 -0.025)
(0.018 -0.004 -0.025)
(0.019 -0.004 -0.025)
(0.02 -0.004 -0.025)
(0.021 -0.004 -0.025)
(0.022 -0.004 -0.025)
(0.023 -0.004 -0.025)
(0.024 -0.004 -0.025)
(0.025 -0.004 -0.025)
(0.026 -0.004 -0.025)
(0 -0.002 -0.025)
(0.001 -0.002 -0.025)
(0.002 -0.002 -0.025)
(0.003 -0.002 -0.025)
(0.004 -0.002 -0.025)
(0.005 -0.002 -0.025)
(0.006 -0.002 -0.025)
(0.007 -0.002 -0.025)
(0.008 -0.002 -0.025)
(0.009 -0.002 -0.025)
(0.01 -0.002 -0.025)
(0.011 -0.002 -0.025)
(0.012 -0.002 -0.025)
(0.013 -0.002 -0.025)
(0.014 -0.002 -0.025)
(0.015 -0.002 -0.025)
(0.016 -0.002 -0.025)
(0.017 -0.002 -0.025)
(0.018 -0.002 -0.025)
(0.019 -0.002 -0.025)
(0.02 -0.002 -0.025)
(0.021 -0.002 -0.025)
(0.022 -0.002 -0.025)
(0.023 -0.002 -0.025)
(0.024 -0.002 -0.025)
(0.025 -0.002 -0.025)
(0.026 -0.002 -0.025)
(0 0 -0.025)
(0.001 0 -0.025)
(0.002 5.7824116e-19 -0.025)
(0.003 0 -0.025)
(0.004 0 -0.025)
(0.005 -5.7824116e-19 -0.025)
(0.006 0 -0.025)
(0.007 0 -0.025)
(0.008 0 -0.025)
(0.009 5.7824116e-19 -0.025)
(0.01 0 -0.025)
(0.011 0 -0.025)
(0.012 0 -0.025)
(0.013 -5.7824116e-19 -0.025)
(0.014 0 -0.025)
(0.015 0 -0.025)
(0.016 2.8912058e-19 -0.025)
(0.017 -2.8912058e-19 -0.025)
(0.018 0 -0.025)
(0.019 2.8912058e-19 -0.025)
(0.02 -2.8912058e-19 -0.025)
(0.021 0 -0.025)
(0.022 2.8912058e-19 -0.025)
(0.023 -1.4456029e-19 -0.025)
(0.024 0 -0.025)
(0.025 1.4456029e-19 -0.025)
(0.026 -1.4456029e-19 -0.025)
(0 0.002 -0.025)
(0.001 0.002 -0.025)
(0.002 0.002 -0.025)
(0.003 0.002 -0.025)
(0.004 0.002 -0.025)
(0.005 0.002 -0.025)
(0.006 0.002 -0.025)
(0.007 0.002 -0.025)
(0.008 0.002 -0.025)
(0.009 0.002 -0.025)
(0.01 0.002 -0.025)
(0.011 0.002 -0.025)
(0.012 0.002 -0.025)
(0.013 0.002 -0.025)
(0.014 0.002 -0.025)
(0.015 0.002 -0.025)
(0.016 0.002 -0.025)
(0.017 0.002 -0.025)
(0.018 0.002 -0.025)
(0.019 0.002 -0.025)
(0.02 0.002 -0.025)
(0.021 0.002 -0.025)
(0.022 0.002 -0.025)
(0.023 0.002 -0.025)
(0.024 0.002 -0.025)
(0.025 0.002 -0.025)
(0.026 0.002 -0.025)
(0 0.004 -0.025)
(0.001 0.004 -0.025)
(0.002 0.004 -0.025)
(0.003 0.004 -0.025)
(0.004 0.004 -0.025)
(0.005 0.004 -0.025)
(0.006 0.004 -0.025)
(0.007 0.004 -0.025)
(0.008 0.004 -0.025)
(0.009 0.004 -0.025)
(0.01 0.004 -0.025)
(0.011 0.004 -0.025)
(0.012 0.004 -0.025)
(0.013 0.004 -0.025)
(0.014 0.004 -0.025)
(0.015 0.004 -0.025)
(0.016 0.004 -0.025)
(0.017 0.004 -0.025)
(0.018 0.004 -0.025)
(0.019 0.004 -0.025)
(0.02 0.004 -0.025)
(0.021 0.004 -0.025)
(0.022 0.004 -0.025)
(0.023 0.004 -0.025)
(0.024 0.004 -0.025)
(0.025 0.004 -0.025)
(0.026 0.004 -0.025)
(0 0.006 -0.025)
(0.001 0.006 -0.025)
(0.002 0.006 -0.025)
(0.003 0.006 -0.025)
(0.004 0.006 -0.025)
(0.005 0.006 -0.025)
(0.006 0.006 -0.025)
(0.007 0.006 -0.025)
(0.008 0.006 -0.025)
(0.009 0.006 -0.025)
(0.01 0.006 -0.025)
(0.011 0.006 -0.025)
(0.012 0.006 -0.025)
(0.013 0.006 -0.025)
(0.014 0.006 -0.025)
(0.015 0.006 -0.025)
(0.016 0.006 -0.025)
(0.017 0.006 -0.025)
(0.018 0.006 -0.025)
(0.019 0.006 -0.025)
(0.02 0.006 -0.025)
(0.021 0.006 -0.025)
(0.022 0.006 -0.025)
(0.023 0.006 -0.025)
(0.024 0.006 -0.025)
(0.025 0.006 -0.025)
(0.026 0.006 -0.025)
(0 0.008 -0.025)
(0.001 0.008 -0.025)
(0.002 0.008 -0.025)
(0.003 0.008 -0.025)
(0.004 0.008 -0.025)
(0.005 0.008 -0.025)
(0.006 0.008 -0.025)
(0.007 0.008 -0.025)
(0.008 0.008 -0.025)
(0.009 0.008 -0.025)
(0.01 0.008 -0.025)
(0.011 0.008 -0.025)
(0.012 0.008 -0.025)
(0.013 0.008 -0.025)
(0.014 0.008 -0.025)
(0.015 0.008 -0.025)
(0.016 0.008 -0.025)
(0.017 0.008 -0.025)
(0.018 0.008 -0.025)
(0.019 0.008 -0.025)
(0.02 0.008 -0.025)
(0.021 0.008 -0.025)
(0.022 0.008 -0.025)
(0.023 0.008 -0.025)
(0.024 0.008 -0.025)
(0.025 0.008 -0.025)
(0.026 0.008 -0.025)
(0 0.01 -0.025)
(0.001 0.01 -0.025)
(0.002 0.01 -0.025)
(0.003 0.01 -0.025)
(0.004 0.01 -0.025)
(0.005 0.01 -0.025)
(0.006 0.01 -0.025)
(0.007 0.01 -0.025)
(0.008 0.01 -0.025)
(0.009 0.01 -0.025)
(0.01 0.01 -0.025)
(0.011 0.01 -0.025)
(0.012 0.01 -0.025)
(0.013 0.01 -0.025)
(0.014 0.01 -0.025)
(0.015 0.01 -0.025)
(0.016 0.01 -0.025)
(0.017 0.01 -0.025)
(0.018 0.01 -0.025)
(0.019 0.01 -0.025)
(0.02 0.01 -0.025)
(0.021 0.01 -0.025)
(0.022 0.01 -0.025)
(0.023 0.01 -0.025)
(0.024 0.01 -0.025)
(0.025 0.01 -0.025)
(0.026 0.01 -0.025)
(0 0.012 -0.025)
(0.001 0.012 -0.025)
(0.002 0.012 -0.025)
(0.003 0.012 -0.025)
(0.004 0.012 -0.025)
(0.005 0.012 -0.025)
(0.006 0.012 -0.025)
(0.007 0.012 -0.025)
(0.008 0.012 -0.025)
(0.009 0.012 -0.025)
(0.01 0.012 -0.025)
(0.011 0.012 -0.025)
(0.012 0.012 -0.025)
(0.013 0.012 -0.025)
(0.014 0.012 -0.025)
(0.015 0.012 -0.025)
(0.016 0.012 -0.025)
(0.017 0.012 -0.025)
(0.018 0.012 -0.025)
(0.019 0.012 -0.025)
(0.02 0.012 -0.025)
(0.021 0.012 -0.025)
(0.022 0.012 -0.025)
(0.023 0.012 -0.025)
(0.024 0.012 -0.025)
(0.025 0.012 -0.025)
(0.026 0.012 -0.025)
(0 0.014 -0.025)
(0.001 0.014 -0.025)
(0.002 0.014 -0.025)
(0.003 0.014 -0.025)
(0.004 0.014 -0.025)
(0.005 0.014 -0.025)
(0.006 0.014 -0.025)
(0.007 0.014 -0.025)
(0.008 0.014 -0.025)
(0.009 0.014 -0.025)
(0.01 0.014 -0.025)
(0.011 0.014 -0.025)
(0.012 0.014 -0.025)
(0.013 0.014 -0.025)
(0.014 0.014 -0.025)
(0.015 0.014 -0.025)
(0.016 0.014 -0.025)
(0.017 0.014 -0.025)
(0.018 0.014 -0.025)
(0.019 0.014 -0.025)
(0.02 0.014 -0.025)
(0.021 0.014 -0.025)
(0.022 0.014 -0.025)
(0.023 0.014 -0.025)
(0.024 0.014 -0.025)
(0.025 0.014 -0.025)
(0.026 0.014 -0.025)
(0 0.016 -0.025)
(0.001 0.016 -0.025)
(0.002 0.016 -0.025)
(0.003 0.016 -0.025)
(0.004 0.016 -0.025)
(0.005 0.016 -0.025)
(0.006 0.016 -0.025)
(0.007 0.016 -0.025)
(0.008 0.016 -0.025)
(0.009 0.016 -0.025)
(0.01 0.016 -0.025)
(0.011 0.016 -0.025)
(0.012 0.016 -0.025)
(0.013 0.016 -0.025)
(0.014 0.016 -0.025)
(0.015 0.016 -0.025)
(0.016 0.016 -0.025)
(0.017 0.016 -0.025)
(0.018 0.016 -0.025)
(0.019 0.016 -0.025)
(0.02 0.016 -0.025)
(0.021 0.016 -0.025)
(0.022 0.016 -0.025)
(0.023 0.016 -0.025)
(0.024 0.016 -0.025)
(0.025 0.016 -0.025)
(0.026 0.016 -0.025)
(0 0.018 -0.025)
(0.001 0.018 -0.025)
(0.002 0.018 -0.025)
(0.003 0.018 -0.025)
(0.004 0.018 -0.025)
(0.005 0.018 -0.025)
(0.006 0.018 -0.025)
(0.007 0.018 -0.025)
(0.008 0.018 -0.025)
(0.009 0.018 -0.025)
(0.01 0.018 -0.025)
(0.011 0.018 -0.025)
(0.012 0.018 -0.025)
(0.013 0.018 -0.025)
(0.014 0.018 -0.025)
(0.015 0.018 -0.025)
(0.016 0.018 -0.025)
(0.017 0.018 -0.025)
(0.018 0.018 -0.025)
(0.019 0.018 -0.025)
(0.02 0.018 -0.025)
(0.021 0.018 -0.025)
(0.022 0.018 -0.025)
(0.023 0.018 -0.025)
(0.024 0.018 -0.025)
(0.025 0.018 -0.025)
(0.026 0.018 -0.025)
(0 0.02 -0.025)
(0.001 0.02 -0.025)
(0.002 0.02 -0.025)
(0.003 0.02 -0.025)
(0.004 0.02 -0.025)
(0.005 0.02 -0.025)
(0.006 0.02 -0.025)
(0.007 0.02 -0.025)
(0.008 0.02 -0.025)
(0.009 0.02 -0.025)
(0.01 0.02 -0.025)
(0.011 0.02 -0.025)
(0.012 0.02 -0.025)
(0.013 0.02 -0.025)
(0.014 0.02 -0.025)
(0.015 0.02 -0.025)
(0.016 0.02 -0.025)
(0.017 0.02 -0.025)
(0.018 0.02 -0.025)
(0.019 0.02 -0.025)
(0.02 0.02 -0.025)
(0.021 0.02 -0.025)
(0.022 0.02 -0.025)
(0.023 0.02 -0.025)
(0.024 0.02 -0.025)
(0.025 0.02 -0.025)
(0.026 0.02 -0.025)
(0 0.022 -0.025)
(0.001 0.022 -0.025)
(0.002 0.022 -0.025)
(0.003 0.022 -0.025)
(0.004 0.022 -0.025)
(0.005 0.022 -0.025)
(0.006 0.022 -0.025)
(0.007 0.022 -0.025)
(0.008 0.022 -0.025)
(0.009 0.022 -0.025)
(0.01 0.022 -0.025)
(0.011 0.022 -0.025)
(0.012 0.022 -0.025)
(0.013 0.022 -0.025)
(0.014 0.022 -0.025)
(0.015 0.022 -0.025)
(0.016 0.022 -0.025)
(0.017 0.022 -0.025)
(0.018 0.022 -0.025)
(0.019 0.022 -0.025)
(0.02 0.022 -0.025)
(0.021 0.022 -0.025)
(0.022 0.022 -0.025)
(0.023 0.022 -0.025)
(0.024 0.022 -0.025)
(0.025 0.022 -0.025)
(0.026 0.022 -0.025)
(0 0.024 -0.025)
(0.001 0.024 -0.025)
(0.002 0.024 -0.025)
(0.003 0.024 -0.025)
(0.004 0.024 -0.025)
(0.005 0.024 -0.025)
(0.006 0.024 -0.025)
(0.007 0.024 -0.025)
(0.008 0.024 -0.025)
(0.009 0.024 -0.025)
(0.01 0.024 -0.025)
(0.011 0.024 -0.025)
(0.012 0.024 -0.025)
(0.013 0.024 -0.025)
(0.014 0.024 -0.025)
(0.015 0.024 -0.025)
(0.016 0.024 -0.025)
(0.017 0.024 -0.025)
(0.018 0.024 -0.025)
(0.019 0.024 -0.025)
(0.02 0.024 -0.025)
(0.021 0.024 -0.025)
(0.022 0.024 -0.025)
(0.023 0.024 -0.025)
(0.024 0.024 -0.025)
(0.025 0.024 -0.025)
(0.026 0.024 -0.025)
(0 0.026 -0.025)
(0.001 0.026 -0.025)
(0.002 0.026 -0.025)
(0.003 0.026 -0.025)
(0.004 0.026 -0.025)
(0.005 0.026 -0.025)
(0.006 0.026 -0.025)
(0.007 0.026 -0.025)
(0.008 0.026 -0.025)
(0.009 0.026 -0.025)
(0.01 0.026 -0.025)
(0.011 0.026 -0.025)
(0.012 0.026 -0.025)
(0.013 0.026 -0.025)
(0.014 0.026 -0.025)
(0.015 0.026 -0.025)
(0.016 0.026 -0.025)
(0.017 0.026 -0.025)
(0.018 0.026 -0.025)
(0.019 0.026 -0.025)
(0.02 0.026 -0.025)
(0.021 0.026 -0.025)
(0.022 0.026 -0.025)
(0.023 0.026 -0.025)
(0.024 0.026 -0.025)
(0.025 0.026 -0.025)
(0.026 0.026 -0.025)
(0 0.028 -0.025)
(0.001 0.028 -0.025)
(0.002 0.028 -0.025)
(0.003 0.028 -0.025)
(0.004 0.028 -0.025)
(0.005 0.028 -0.025)
(0.006 0.028 -0.025)
(0.007 0.028 -0.025)
(0.008 0.028 -0.025)
(0.009 0.028 -0.025)
(0.01 0.028 -0.025)
(0.011 0.028 -0.025)
(0.012 0.028 -0.025)
(0.013 0.028 -0.025)
(0.014 0.028 -0.025)
(0.015 0.028 -0.025)
(0.016 0.028 -0.025)
(0.017 0.028 -0.025)
(0.018 0.028 -0.025)
(0.019 0.028 -0.025)
(0.02 0.028 -0.025)
(0.021 0.028 -0.025)
(0.022 0.028 -0.025)
(0.023 0.028 -0.025)
(0.024 0.028 -0.025)
(0.025 0.028 -0.025)
(0.026 0.028 -0.025)
(0 0.03 -0.025)
(0.001 0.03 -0.025)
(0.002 0.03 -0.025)
(0.003 0.03 -0.025)
(0.004 0.03 -0.025)
(0.005 0.03 -0.025)
(0.006 0.03 -0.025)
(0.007 0.03 -0.025)
(0.008 0.03 -0.025)
(0.009 0.03 -0.025)
(0.01 0.03 -0.025)
(0.011 0.03 -0.025)
(0.012 0.03 -0.025)
(0.013 0.03 -0.025)
(0.014 0.03 -0.025)
(0.015 0.03 -0.025)
(0.016 0.03 -0.025)
(0.017 0.03 -0.025)
(0.018 0.03 -0.025)
(0.019 0.03 -0.025)
(0.02 0.03 -0.025)
(0.021 0.03 -0.025)
(0.022 0.03 -0.025)
(0.023 0.03 -0.025)
(0.024 0.03 -0.025)
(0.025 0.03 -0.025)
(0.026 0.03 -0.025)
)


// ************************************************************************* //
