lm_cps region:
(0,0.0125,-0.02)
(0,0.0125,-0.013872)
(0,0.008623,-0.0075)
(0,0.001465,-0.0075)
(0,-0.00643,,-0.0197)
(0,-0.00743,-0.0197)
(0,-0.00743,-0.0125)
(0,-0.000097,-0.00045)
(0,0.020274,-0.00045)
(0,0.02,0)
(0,-0.02,0)
(0,-0.020274,-0.00045)
(0,-0.000449,-0.00045)
(0,-0.007781,-0.0125)
(0,-0.007781,-0.02)

(0.01,0.0125,-0.02)
(0.01,0.0125,-0.013872)
(0.01,0.008623,-0.0075)
(0.01,0.001465,-0.0075)
(0.01,-0.00643,-0.0197)
(0.01,-0.00743,-0.0197)
(0.01,-0.00743,-0.0125)
(0.01,-0.000097,-0.00045)

(0.018,0.020274,-0.00045)
(0.018,0.02,0)
(0.018,-0.02,0)
(0.018,-0.020274,-0.00045)

(0.01,-0.000449,-0.00045)
(0.01,-0.007781,-0.0125)
(0.01,-0.007781,-0.02)

module region:
(0,0.0125,-0.02)
(0,0.0125,-0.013872)
(0,0.008623,-0.0075)
(0,0.001465,-0.0075)
(0,-0.00643,-0.0197)
(0,-0.00743,-0.0197)
(0,-0.00743,-0.0125)
(0,-0.000097,-0.00045)
(0,0.020274,-0.00045)
(0,0.03,-0.016433)
(0,0.03,-0.025)
(0,-0.03,-0.025)
(0,-0.03,-0.016433)
(0,-0.020274,-0.00045)
(0,-0.000449,-0.00045)
(0,-0.007781,-0.0125)
(0,-0.007781,-0.02)

(0.018,0.0125,-0.02)
(0.018,0.0125,-0.013872)
(0.018,0.008623,-0.0075)
(0.018,0.001465,-0.0075)
(0.018,-0.00643,-0.0197)
(0.018,-0.00743,-0.0197)
(0.018,-0.00743,-0.0125)
(0.018,-0.000097,-0.00045)
(0.018,0.020274,-0.00045)
(0.018,0.03,-0.016433)
(0.018,0.03,-0.025)
(0.018,-0.03,-0.025)
(0.018,-0.03,-0.016433)
(0.018,-0.020274,-0.00045)
(0.018,-0.000449,-0.00045)
(0.018,-0.007781,-0.0125)
(0.018,-0.007781,-0.02)